112.66664088333332,268.43440000000004
24.26666032933333,33.90186666666667
87.77998002,100.66186666666668
11.70399824,26.561866666666663
3357.466959799333,1308.6208
5685.332115360001,9596.5656
6.933331477333334,240.47253333333327
27.73332622933333,30.4064
19921.194736206,4048.8992
3.9013327466666654,15.901866666666669
62.399983176000006,229.28773333333328
11348.698293428572,922.7465714285717
641.3332388599998,380.2818666666666
19.066661606666667,209.7128
22.53332742266668,35.300533333333334
25.99999603,83.8848
128.743960708,162.17866666666663
31.21066173866668,127.924
129.99996595000002,33.5544
4061.287358744,10435.4264
76.26665686933332,240.4714666666668
21491.596825856,4655.6757333333335
155.99995914,134.2176
35.111996604,162.17786666666666
159.46662397866666,234.8808
116.13330264733332,139.80853333333332
25.99998998,226.4896
20.799994544,159.38213333333334
7535.99914906,4585.770666666667
31.21065956266668,91.04906666666668
7.802665376,58.7184
117.03997108,0.0
140.39996171400006,55.924
9701.464088315332,2046.8197333333333
25.99998982,209.7144
13.866663013333335,170.5672
178.53331039866666,89.4784
105.73330490733332,1073.7392
191.16527884533332,234.8808
11.70399824,24.11546666666667
48.53332640799999,72.34960000000001
25.99999666,213.9064
1036.532965762667,1082.1288
630.9331095946666,536.8704
581.3996005566668,0.0
98.799985674,397.0592
155.99993934000003,33.5544
4225.865038082668,2111.130666666666
152.53331174399997,145.4024
11.70399692,46.135466666666666
21226.3942852,4362.0744
3870.531794052001,492.1312
27.309327117333325,55.921333333333344
83.199978976,156.58533333333338
77.99997888,35.6496
77.9999835,111.8464
27.309327117333325,69.5544
19.066659304,95.06906666666669
36.39999041,288.0066666666667
23.407994672,109.5744
39.86665085800001,262.8410666666667
40.9639923,1694.4962666666663
11.703998868,16.6008
234.07997344,134.2176
6.933332322666668,39.14533333333333
367.466568016,402.6528
152.53331004266667,22.3696
327.599871732,513.1013333333333
161.19993731800002,257.2504
155.99997696,223.696
11.703998152000002,113.2448
25.19998970533333,63.61226666666668
175.0666193313333,581.6090666666668
146.29997690000002,190.14026666666663
25.99998998,83.884
9082.665374133334,1856.6768
10769.197324268,4048.9
67.59998962600001,67.108
292.5999429,100.6632
181.411963792,290.8048
20.799994432,204.12106666666668
173.3332879333333,89.4784
58.51998988,364.9024
95.58264798133337,184.54853333333327
55.466651648,209.7125333333333
3905.9977923866654,0.0
69.33331866666667,139.808
97.99998605384614,50.00769230769231
21.599991176,87.20426666666667
120.94131423733332,33.5544
9.599998572,39.1448
55.46665879466667,53.1264
296.39995588200003,469.7608
793.5999103893332,1270.8722666666663
88.39997670999998,0.0
161.19995666199998,167.772
72.799980204,0.0
29.466658654,57.319466666666685
171.59995604399998,11.1848
161.199957158,67.1088
181.99997382,402.6528
157.7333092486667,83.884
413.5412524906666,917.1536
1672.66626587,1454.024
41.599994064,69.7296
20.799997,38.09653333333333
43.19997856000001,246.06426666666664
218.399942712,201.3264
55.46665853866667,285.21040000000005
81.46664435733335,805.3056
40.96399384,197.13013333333333
75.59996248,164.9744
422.99994422666674,0.0
159.4666242853333,301.9896
29.25999516,69.90266666666669
530.399921664,301.9896
9999.598584672,5010.7936
181.99995401,100.6632
7.802665493333333,24.1152
51.99998,352.3208
225.33329892666669,671.088
10.3999978,97.86533333333333
132.64529842666664,1241.512
199.33330289666668,413.8376
187.1999496,346.7288
156.05331824000004,78.29360000000001
133.46662980933334,223.696
11.703998152000002,17.822400000000002
152.15197712,452.9829333333335
25.99999309,72.69893333333331
23.99999729,25.164
132.64531991466666,1012.2234666666668
280.89595142400003,497.7232
58.51998856,191.5384
1707.3328907400007,2908.049333333333
146.29996210000002,0.0
25.358662472,103.45706666666668
35.111996016,39.844
36.399990256,180.3536
494.9996599166666,268.4352
11.703998152000002,21.49333333333333
31.199991720000003,205.51786666666663
161.19997532399998,167.772
15.599997738,58.7176
146.29996699999998,113.2448
25.99998982,58.7176
265.290594224,145.4024
134.59596936399998,100.6632
227.06660623200003,223.696
341.46657473333335,0.0
83.199977376,44.73813333333333
3350.533625860667,1202.365066666667
1685.3756705279998,1070.942933333333
107.46663789866663,173.36346666666668
140.399962254,33.5544
6.399999048,36.348
25.99998989,33.5544
34.66665734666667,201.32586666666663
3763.797924334,0.0
675.9997602799998,402.6528
3655.797983894,0.0
103.38529941333334,201.3248
109.199970852,67.1088
46.81599260800001,125.828
34.66665702666667,486.5376
77.99997888,67.1088
11.70399824,14.6776
71.06665619799999,0.0
262.7998102,67.1088
265.199896878,195.7328
154.10263590933334,201.3264
91.86664345266666,184.548
24.266660068,70.77680000000001
93.599974476,0.0
33.161325785333325,69.3792
28.79998372266668,45.611466666666665
156.0533063466667,357.9130666666666
90.133309968,89.47706666666669
206.99989726666664,0.0
239.931952276,44.7392
5.851998416,139.8088
10289.063853002666,4283.781066666666
25.99999301,260.0464
211.46661127866665,134.2176
21125.861043936,4571.789333333333
19168.928231448004,4320.132
58.51999076,204.12186666666668
145.59996085599997,134.2176
3407.3986080140003,223.696
91.86664384133331,508.9072
86.66664383333332,0.0
222.375953184,548.0544
107.466637568,1317.0096
488.799864076,223.6957333333333
58.51998636,452.984
93.59997534,184.548
29.25999318,0.0
27.733329248,35.824533333333335
10720.664002993337,1330.9912
21510.660875333328,5242.878133333334
109.19997068400002,201.3264
102.26663964466664,4921.315466666667
3.4666661373333336,50.3296
157.73329177666668,0.0
25.99998982,167.77120000000002
123.06663414866664,336.9408
29.259995600000003,155.188
31.199991708,159.3824
12.133330085333332,188.7424
2383.99968114,1191.181333333333
101.43464683733336,234.8784
6005.99908293,0.0
3.9013327173333336,18.347466666666666
11.70399824,36.69813333333333
89.59998801599998,104.8552
124.84264507733332,285.2112
2504.666581893334,1756.0136
166.39997599999995,33.5544
175.06662020666667,0.0
58.51999076,134.2176
9.599998716,120.23546666666664
27.733325888000003,80.21493333333332
27.309327117333325,67.28266666666669
1806.133141605333,1230.328
350.1332393360001,0.0
102.2666269006667,156.5856
241.8826193813333,637.5336
27.73332247466666,159.3816
57.199991882000006,531.2768000000001
23.407997736,31.4552
146.29997580000003,671.088
128.74398754800006,33.5544
11.703998064,38.61973333333333
25.99998982,75.4952
109.237322768,525.6856
11.70399692,26.212
24.266660152,27.7848
21.599987792,46.485333333333344
367.4665889333333,598.3861333333333
65.86665719199999,100.6616
20474.12798643466,4250.2264000000005
98.79997378,42.29066666666666
21.599991176,70.95146666666666
21.599997152,59.590933333333325
253.58661622666665,0.0
678.8318877119999,388.6696
9.599998572,8.388
161.19995659999998,89.4784
175.06661980266662,33.5544
29.25999494,150.99439999999998
24.266662961333328,69.2048
17.333328673333334,145.40133333333338
19364.795359896,1856.6768
27.309330234666664,40.01813333333333
11.70399824,20.096
239.931952276,0.0
27.309327117333325,81.96186666666668
177.5106843813333,234.8808
181.99997305,100.6632
21300.927664008,4963.258666666667
97.066628176,27.961866666666666
195.8665899773333,738.1962666666667
124.84263432533336,67.1088
110.93330333866663,184.5472
181.99995128,279.62
145.59996163999998,190.1416
5.8519989,50.3304
17.33332872,44.73813333333333
109.199972406,55.924
140.448014016,0.0
135.19996412,167.772
165.80662892666666,89.4784
133.4666468006667,357.91333333333324
977.283801604,637.5336
56.56932440133333,696.2528000000001
3.4666661506666667,53.12506666666666
9.753331646666668,16.601866666666666
46.799993034,223.6957333333333
11.70399824,40.3672
223.599971276,771.7511999999999
20357.99783892,4054.492533333333
25.199985757333327,73.748
21678.794013316,4630.5104
103.9999798,352.32
10564.807886453336,1207.9584
1927.2581450026669,2298.4776
34.666652920000004,369.0984
42.91465537333333,230.684
183.733307328,0.0
50.266653288,847.2474666666667
739.3025388173334,805.3056
21654.527403322667,4048.900266666666
140.39996171400006,301.9896
131.73329827199998,257.2504
164.66663468333337,134.2176
155.9999586,100.6632
20304.263675692,4068.4728
639.8185704533333,1711.2744
47.99999358,131.42053333333334
27.309330692,41.242933333333326
3.4666657533333334,16.776799999999998
29.2599923,152.39066666666662
25.199985757333327,77.06826666666666
187.263978752,234.8808
177.51063997333335,654.3095999999999
6997.463951111335,1912.6008
62.421323008,58.7176
22.53332451066667,8.388533333333333
117.86663529599998,278.92
1686.3997744439996,1179.9957333333334
24.266660301333328,43.34
102.26663870066666,106.25413333333331
10.399995928,113.244
30.399996567333325,96.4672
21.599987792,53.125333333333344
97.066641056,201.3264
6005.99764842,268.4352
58.51999120000001,0.0
155.99999472000005,0.0
208.721276338,257.2504
263.33994861,425.0224
27.733326058666663,84.23360000000001
21.599991176,60.99013333333332
23.407997736,40.36826666666667
90.13330826933334,536.8704
155.9999775,78.29360000000001
306.799919524,0.0
15.599996004,114.64213333333332
3087.0658307840004,685.0682666666668
25.199996677333328,77.06960000000001
51.199993152,1056.9634666666666
25.99999304,103.45786666666667
6347.467997024,514.5008
157.7333130706667,78.29360000000001
298.13327542666667,402.6528
495.469196004,872.4144
3246.399517098,2359.9928
129.99998015,0.0
25.99999616,0.0
24.266660217333325,123.03173333333336
2917.198839852,4865.392
32.933324542666675,50.3304
25.99999299,83.884
220.42529521466668,905.9682666666668
346.6665753333333,212.5112
22.533329892666675,55.9232
107.28665053333334,324.3589333333333
21.599991176,92.62133333333333
175.066641484,111.848
24.26666305466666,75.14666666666669
327.59987286599994,134.2176
155.99997612,0.0
27.309329226666662,155.188
140.447977824,810.8962666666667
1173.466199988,2326.4384
77.99997906,0.0
13.654663586666665,169.16879999999998
5.19999881,13.98
129.9999483,178.95520000000002
77.99997911999998,52.426666666666655
29.25999416,173.36266666666663
180.2666181333333,89.4784
1400.3997427413333,0.0
8.666664353333335,89.47653333333334
9.753331793333334,150.9930666666667
51.99998,464.16826666666657
190.6666159933333,212.5112
6.933330661333332,16.075466666666667
179.461284328,178.9568
3088.799547372,335.54213333333337
13.654664510666668,198.5285333333333
25.99998982,92.2728
161.19995659999998,380.2832
27.169997372142863,40.06914285714286
29.25999538,0.0
405.7385873493333,1163.2192
24.266657295999995,66.58266666666668
81.92798583199999,581.6088000000001
25.99999302,99.26346666666666
138.66664656000003,55.924
116.13330264733332,184.548
4484.581924855999,2650.7976
251.635949948,0.0
21423.99772576,4166.34
72.799989892,0.0
407.3332250766666,251.656
150.20129442266668,313.17440000000005
13663.86458029933,7256.142933333333
51.99999262,301.988
5.8519988320000005,30.4064
202.869277936,167.772
29.259995600000003,0.0
6125.5975709640015,5447.0016
58.51998636,171.9648
32.933324922666664,197.1304
15.599996154,111.84613333333331
225.33327778,0.0
68.27332306666668,26.387466666666672
204.81994407,134.2176
3.901332512,69.728
3153.5976488160004,0.0
25.199985757333327,92.09813333333332
93.599977572,240.47226666666663
109.199972406,100.6632
181.411963792,223.696
1899.732873013333,12437.507733333332
31.199991648,123.03173333333336
138.66662933333336,89.4784
103.99997372,36.69813333333333
8.66666432,54.5232
66.32265619466665,156.58666666666662
135.19996360000002,346.7282666666667
58.51998636,144.00373333333337
146.29998585,111.848
19.066661782666664,142.60373333333337
535.9999394766668,381.6797333333333
332.79995136,1286.250933333333
10900.930398466666,1342.176
36.399990676,128.62373333333338
11.703998152000002,27.436266666666665
704.1904714860001,3881.127733333332
10618.398415408,3925.866133333333
11.70399824,64.66026666666667
32.933320274,313.17386666666664
21748.127511525337,5010.794400000001
103.9999724,29.358400000000003
155.9999775,0.0
11.70399824,24.8136
10.399997236,27.6104
168.13330979466664,167.772
19475.728059904,4669.657066666667
31.199987952,50.8536
109.199984418,0.0
27.733325888000003,53.9992
6.9333323626666665,157.98426666666663
21611.196866376,9171.543466666666
920.399673612,763.3618666666667
1171.733021472,1459.6154666666666
154.26662513333332,44.7392
138.66662954666668,89.47733333333332
25.99998996,54.5232
130.6946328093333,111.848
21614.66091384,6417.2832
25.99998982,201.3248
1142.2665023559998,2248.1448
154.26662590466665,290.8048
157.73331058333332,145.4024
5812.856315642856,1006.632
288.6986210826667,257.2493333333333
40.96399414799999,311.7749333333333
27.309330692,105.3808
25.99999309,85.28213333333332
24.266663148000003,63.612
32.933324428666666,83.884
23.99999679,201.32426666666663
100.79998670933333,310.3768
289.466624694,167.77120000000002
79.73331198933333,67.10719999999999
176.79997728799998,178.9568
10.39999726,0.0
72.7999804,95.0704
4.17999934,21.531142857142857
87.77998548,500.5176
24.266660301333328,253.05413333333328
2627.54760488,897.5791999999999
20923.061065722664,5256.859733333334
18621.197249792003,11324.618666666664
155.99995805999995,78.29360000000001
33.16132460666666,144.70239999999998
51.9999862,33.5544
138.49730209333333,1135.2552
36.39999167,838.8584000000001
15.599995806,181.752
107.46665141466669,209.712
116.13331671733332,0.0
241.599967686,531.2762666666667
103.99997236,95.06986666666668
76.26665185333333,0.0
199.33327936,134.2176
171.599975118,55.924
29.2599923,125.12826666666663
181.411950462,156.58720000000002
4438.399406363999,1660.941866666667
40.96398922,254.45226666666665
117.0399824,0.0
98.799985788,16.776799999999998
53.733319755333326,86.68026666666667
19.50666344,16.776
1490.3090307893328,4613.732266666667
25.99999912,78.29146666666666
171.59995439399998,369.0984
6.9333306666666665,26.561066666666665
837.1998773180002,883.5975999999999
20.799994872000003,54.5232
5770.796035246666,0.0
10.399997184000002,61.5144
154.26663670333338,100.6632
25.99998998,60.11573333333333
12.133331541333332,43.33813333333333
232.12931088200008,3087.0056
21779.32999942,4893.3528
145.59996029599998,234.8808
52.249988,862.8265714285716
1.7333328726666664,33.552800000000005
58.93332707733333,156.5856
5.199998618,47.53333333333335
32.933324517333325,114.64213333333332
5879.465829973333,26239.56373333333
159.4666235493333,134.2176
5113.7963067,0.0
171.65863956266662,1230.3274666666666
15.99999786,89.47626666666666
29.259993840000003,34.251466666666666
280.799924508,234.8808
134.59596862799998,440.4
4137.465508176,2304.0688
31.199991564,274.02533333333326
50.26665516333333,413.8365333333333
27.309327117333325,87.38026666666666
39.01332306666667,261.4429333333333
2719.59947177,704.6402666666668
33.161329570666666,106.25333333333332
77.99998998000002,318.76559999999995
11.703997975999998,67.98053333333334
3.9013323066666654,16.601066666666664
1.9506662266666663,176.1592
5.85199868,61.51386666666669
72.79998963999998,0.0
161.19995666199998,78.29360000000001
95.33331877666669,240.472
27.309330692,115.1664
315.4665817333333,0.0
103.99997256,0.0
3583.99952064,918.5504
124.842637568,314.57066666666674
753.99989212,313.17440000000005
122.892012264,195.7325333333333
322.399915432,0.0
12.133330234666664,18.172266666666665
29.25999516,0.0
206.266610102,67.1088
1187.1998659453336,471.5130666666665
21.599991176,65.0104
183.7332618893333,134.2176
133.46663432666668,740.992
93.599974656,167.77120000000002
121.33330342,827.6751999999999
123.066634196,0.0
413.5412524906666,928.3384
194.13328890666665,145.4024
680.782554056,360.70826666666665
100.53330758133332,206.9181333333333
162.933287712,100.6632
154.10263590933334,111.848
173.33328673333332,257.2504
27.309327117333325,55.57253333333333
77.99997846000002,0.0
31.199991516,13.279733333333336
11959.9967892,1521.1328
505.7997933713334,0.0
103.99997508,257.2498666666667
32.933328596,316.31786666666665
358.7999231340001,1733.644266666667
313.7332510386667,0.0
21573.060908317333,5270.840266666667
195.199973892,360.70853333333326
155.99995805999995,156.58720000000002
54.618653936,413.8368
29.466658688000003,0.0
26.99999644,58.892
166.399956416,190.1416
62.399991144000005,430.6136
155.9999775,67.1088
154.26662602333334,167.772
100.799985006,195.7325333333333
15.599995824,113.2448
11.70399824,28.83413333333333
36.399996136,301.9874666666667
27.733326058666663,77.41786666666668
500.3996562066666,715.8272
65.86664903466665,33.5544
3948.531787330667,2975.1568
169.86662263200003,290.8048
25.99999617,260.0448
32.933320438666655,67.108
17173.862102381332,4250.2272
29.2599923,161.47920000000002
126.533314694,429.21493333333336
77.99997888,139.80853333333332
419.3999447013333,0.0
162.93328865200002,55.924
20.799994416000004,28.8336
220.13330505466664,480.9464
10760.531744085332,659.9032
3569.3980315419994,0.0
29.25999516,114.64293333333332
6037.197606018,1521.1328
31.19999178,255.8504
155.99995800000002,44.7392
7.802664906666666,111.8472
173.33328733333332,145.4024
228.799938576,766.1578666666667
21293.99155611,3512.028
171.59997557999995,0.0
21202.131082645334,5075.105066666666
23.407997736,116.91493333333332
374.39990064000006,525.6856
138.66664640000002,167.772
62.399984232,100.6616
3359.1991860399994,2941.6024
291.19995744,1677.7192
71.06664777933331,0.0
9535.065313420668,4071.269333333334
20786.125642464,17000.909600000003
146.2999791,201.3256
5.199999332000001,60.11573333333333
25.99999309,71.30080000000001
969.599890516,2160.064533333333
60.66665112666667,100.6624
77.99997846000002,246.0656
159.46660465866668,0.0
51.9999862,0.0
135.19996266400003,0.0
112.66663889,369.0968
52.667994024,50.678933333333326
31.21066312533333,22.368
119.99998215,25.1648
105.73330502933334,111.84693333333333
168.1332880666666,324.3592
58.51998416000001,326.5542857142857
58.51999164,269.83173333333326
93.599974476,167.772
25.99998988,44.7392
10706.798863432,1543.5024
5.199999258,26.5624
173.60931363466668,178.9568
58.5199846,27.960266666666666
24.266663129333327,162.17946666666668
103.99998504,218.1024
9753.465282424668,2740.276533333333
29.2599923,149.59466666666663
128.74397096,1174.4032
24.266660068,35.1256
29.25999538,0.0
31.21065956266668,53.99946666666667
25.199996677333328,67.63119999999999
21.599987792,89.12666666666668
57.19999155200001,0.0
21813.99159322,4152.3592
424.79994398933337,268.4352
77.99997911999998,5.592266666666666
4589.864749514666,503.316
25.19998970533333,66.23360000000001
155.99995805999995,167.772
11.703998064,22.3696
187.199950248,167.772
27.73332923733333,194.3333333333333
9.75333172,0.0
14743.73176822933,2684.3528
262.7998102,78.29360000000001
1.733333084,23.0664
109.199983872,201.3264
97.53331793333332,376.0864
1211.599663082,1179.9951999999998
157.73331058333332,78.29360000000001
34.66665288000001,33.55413333333333
97.06665244266664,223.696
76.26665581333332,0.0
25.99998998,374.6904
156.79998229466668,377.4848
164.66662258666668,145.4024
107.46663951066664,162.17946666666668
1.733332876666667,83.884
129.999961,167.772
138.59998172533338,335.544
2298.39939446,1319.8064
25.19998970533333,71.30186666666668
147.33327655333332,234.8808
27.733326986666665,42.4648
25.99999336,39.14586666666667
24.266660301333328,39.84426666666667
41.599988944,363.5048
10601.871659353334,1219.1432
11.70399824,101.1864
55.46665173333333,145.40106666666668
24.266663045333328,294.99733333333324
31.21065956266668,91.92293333333332
71.06664764266665,156.58720000000002
29.25999318,0.0
930.467742102,827.6751999999999
22.533327336000003,174.7605333333333
57.199984534,95.06933333333332
8.666664323333334,78.29146666666666
1005.3331902666664,346.7288
319.909244664,715.8272
307.199965312,549.4528
31.99999572,251.65653333333327
83.199967648,78.2928
17.555996304,110.44826666666668
155.99995728,78.29360000000001
20.799996936000003,32.85306666666666
5555.331850486668,1420.4696
197.5999715,67.1088
103.99997236,1073.74
79.73330266666667,380.2816
209.7333039706667,134.2176
72.79998952799998,0.0
83.199978976,16.776799999999998
3335.9995037700005,1711.2744
27.309330234666664,48.5816
5.1999992420000005,111.84666666666668
29.25999538,0.0
20.79999448,29.008
148.25063322666662,1593.8336000000002
27.733322624,53.47573333333333
29.466662496,46.1344
747.0665554686667,816.4893333333334
10737.9977285,5133.826133333334
1263.599663688,2415.9168
6.933331506666668,61.516
2017.599448264,10200.5448
3185.4378283933333,62.9128
324.13324606666663,0.0
194.13328890666665,78.29360000000001
115.089322202,570.4248
73.599990156,151.69333333333338
91.86664161533336,234.8808
16258.664265386667,3425.346133333333
103.99998492,380.2832
69.33331392000001,27.961866666666666
55.46664509866667,307.58
1743.89542784,559.24
178.53328334399998,324.3592
103.99997372,35.29973333333333
19.066659304,97.86533333333333
58.51999076,67.1088
109.19996724,89.4784
10.399997772,41.94
36.39999475,260.0450666666667
51.999992600000006,299.19253333333324
73.59999168933335,61.51386666666669
60.66665213,117.4392
161.19995604200005,33.5544
3.9013327466666654,0.0
1313.8663109119998,2348.808
29.25999516,153.79066666666662
191.1652902133333,1336.5824
29.2599923,125.82773333333336
31.21065956266668,62.9128
167.75728683600002,78.29360000000001
25.99999601,64.31093333333332
199.33330772666667,67.1088
58.933319212,212.51013333333333
77.99997945,301.9888
5.851999032,458.5752
77.99998805999998,1.3978666666666666
3449.332827873333,10603.1984
77.9999835,97.8656
5.199999203999999,81.088
457.5999032,2829.756
48.76666113333333,222.2970666666667
29.25999717,109.0504
102.26663870066666,0.0
214.9333028293333,201.3264
102.26663870066666,134.2176
5.199998586,9.7848
148.250625576,134.2176
133.4666152306667,279.6176
118.9906443,229.2874666666668
2239.4663333306667,1509.948
51.999986,95.06986666666668
202.79997075,67.1088
77.99997906,89.4784
121.33330267333336,556.4426666666665
58.51998636,469.75973333333326
77.99997114,0.0
53.73331861866666,201.3264
25.199985757333327,85.98026666666667
21.599997152,66.408
3326.399505198,1487.5784
25.99999309,55.921333333333344
10614.930475466666,1129.6648
51.99998608,134.2176
671.9999241200002,346.72720000000004
93.599974476,234.8808
27.733326144000007,42.2912
21.59998928000001,49.456
155.99997726,89.4784
1741.9447618133331,648.7184
8995.99654,369.0984
25.99999309,86.68026666666667
346.6665924,1537.909333333333
15.605330869333336,120.23546666666664
21612.93003320468,4040.5112
27.73332593066667,33.5536
152.15198528400003,134.2176
351.8665739633333,559.24
7704.664559736666,6487.189066666667
237.46663296466667,318.7648
51.99998668,95.0704
12.799998288,117.43866666666668
161.90530101866668,145.4024
857.5999031626668,393.36106666666666
25.99999343,61.514933333333325
37.14284708571429,83.884
120.94131423733332,190.1416
24.266660068,65.00959999999999
157.73331058333332,0.0
13.654663484,265.6357333333333
91.866653558,0.0
726.2665633133333,1834.3072
118.99064608933332,704.6408
1156.133025624,1800.7528
161.199955484,44.7392
62.42132394666667,0.0
247.8665990753333,738.1968
181.999951,67.1088
1875.466161733333,3690.9856
51.99999232,0.0
259.9999343,637.5322666666667
15724.7957664,3285.5365333333334
27.733325973333336,61.16533333333334
204.53330304666667,134.2176
799.7731228666668,1946.1552
169.70797448000005,134.21679999999998
204.81996766,285.2112
161.19993731800002,44.7392
176.79995267200002,134.2176
135.19996391200002,0.0
161.199976502,55.924
6018.131713066668,850.0448
77.99997911999998,67.108
392.083888512,760.5664
2385.599730626001,406.496
71.06665630733332,0.0
105.733291406,917.1536
140.447971968,156.58720000000002
25.199985757333327,52.25226666666667
77.99997978,106.25386666666668
18250.261725056,3257.574666666666
1012.799864538,1852.4829333333328
83.199977376,218.1021333333333
29.2599923,95.06906666666669
5.85199912,163.576
91.86664161533336,0.0
128.743966648,33.5544
8994.263165821332,44.7392
62.399982912,100.6632
1498.1117634560003,2986.3416
2143.9997579066667,1820.326133333333
989.7330668666664,1845.492
5.199998586,3.493866666666667
7.802665434666668,28.4848
1.7333331493333333,13.6304
93.632009344,201.3256
1235.199834792,648.7173333333335
115.08931169999998,206.9176
25.99999602,62.912
249.599932992,609.5701333333333
1092.373442346667,1509.948
747.066465246,536.8704
44.86532557466669,251.656
337.99991030000007,447.392
87.77998548,173.36293333333333
6605.730782504002,1923.7856
332.79991232,928.3384
39.86665576466668,167.7704
24.266657295999995,48.0584
309.59995917866667,268.4352
97.066628176,0.0
112.66663889,69.904
122.892012264,201.3264
76.26665185333333,0.0
98.79997397,190.1405333333333
919.9998961166668,2260.7285333333334
27.733329248,56.79546666666669
19.066663887333327,92.2728
932.5331522066668,1029.0016
5290.196179299999,0.0
23.407994672,78.99173333333334
272.133294188,1040.185866666667
135.199963132,33.5544
11.70399692,35.999199999999995
573.7332479353332,184.548
21.599991176,84.9328
175.5599736,251.6576
322.39991506,548.0551999999999
327.59995174200003,0.0
571.99984446,0.0
226.277270616,89.4784
58.933324924,78.46719999999999
97.06664057066664,313.17440000000005
69.33331469333334,0.0
56.56932482666667,160.78053333333332
39.866655994666665,304.78426666666667
36.399985748,55.92266666666666
7.802665493333333,32.50373333333333
53.733319569333325,139.80933333333337
22.533327284,125.828
24.266660152,35.6496
25.19998749333333,85.9816
320.66658132,89.4784
185.31329717,78.29360000000001
142.13329408266662,0.0
69.33332346666667,0.0
54.618653936,609.5712
179.46129751466668,156.58720000000002
12.5399967,38.38285714285715
29.25999668,69.90266666666669
164.66662246000004,134.2176
31.199987628,36.348
71.06664534666666,178.9568
71.49998086,3019.898
8777.597559152,961.8928
124.799966592,425.0224
51.99997964,145.40106666666668
15.599997786,83.884
25.99999301,150.99439999999998
29.25999428,184.548
27.309330692,27.085866666666664
25.99999602,251.6568
122.891969634,178.9568
77.99998485,111.84746666666666
175.06661865799998,78.29360000000001
32.933324517333325,243.2674666666668
232.2666071706667,612.3664
308.53325133466666,3288.332
4978.796404199999,0.0
11.70399824,60.8144
28.79998823466667,63.2616
11.70399692,49.280800000000006
90.133309968,117.43946666666665
305.0665845333333,0.0
103.99998464,173.3632
20.799996936000003,29.5328
25.99999309,100.6616
2003.732793866667,2975.1568
913.466313928,794.1197333333333
58.51998416000001,248.86
57.199985898,162.17946666666668
232.2666071706667,659.9029333333332
129.99998145,123.0328
371.199950352,838.8592
239.199969272,760.5664
71.06664756066665,167.77120000000002
805.6251516133333,5368.708
31.199991456,14.677866666666668
88.39997636999998,55.92373333333333
538.3838507759999,369.0984
18554.389767592,6912.2104
951.99987267,89.4768
25.9999937,55.924
158.00396911200002,478.1488
27.733325973333336,30.056266666666662
19.506663,50.3312
83.19997766400002,178.9568
27.309327117333325,81.61146666666666
34.66665738666667,159.3824
138.497313548,402.652
25.99999601,620.7552
192.3999482,167.772
922.1331967866668,178.9568
135.19997935600003,33.5544
25.99999724,67.1064
149.06662659066666,78.29360000000001
11.703997536,44.73706666666666
27.733325792,15.377333333333336
7519.197998735998,2483.0256
195.86661536466667,212.5112
1535.99979456,150.99439999999998
109.199984292,173.3632
355.0212719386667,360.7077333333333
265.199960832,265.6368
220.133299636,212.5112
161.199975262,44.7392
161.19993731800002,67.1088
20.799994344,72.35013333333332
43.33332694999999,271.2298666666666
202.799944386,0.0
84.93331023800002,234.87920000000005
77.99996967000001,117.4392
17061.195911873998,4518.6613333333335
76.26665584266668,78.29226666666666
684.6663985933334,782.9346666666665
3680.997969996666,0.0
31.199992308,75.4952
24.266660095999995,16.776
710.6664914600002,911.5608
188.933281522,212.5112
344.9331982786667,536.8696
166.399935424,67.1088
258.2665986233333,369.0984
2746.7986367733333,0.0
25.99999304,69.90266666666669
146.29998585,134.2176
5.19999881,33.55253333333333
57.199991882000006,41.94
159.46664354400002,369.0984
407.6892536346666,973.0776
103.99997372,40.8936
71.06665679933332,0.0
150.2013039706667,1627.3872
69.33330661333335,0.0
25.99998996,60.11573333333333
161.19995666199998,22.3696
146.29996699999998,145.40186666666668
86.66664446666665,218.1024
911.7331983266664,402.6528
10.399998544,155.18773333333337
329.6625585066667,704.6424000000001
161.19996869,67.1088
36.399985748,198.5277333333333
23.99999729,5.592
25.99999309,58.7176
214.5732881600001,592.7938666666666
58.51999120000001,0.0
419.46655954133325,1001.0384
233.99996661,0.0
178.5332855413333,33.5544
4234.896159546001,1252.6976000000002
3.9013327173333336,100.6616
25.199985757333327,98.56293333333332
135.199963132,111.848
150.799978888,0.0
541.799596058,536.8704
109.19997064199998,1028.999733333333
1937.866374496,11374.950666666664
12.133330071333331,125.8272
25.99999359,27.96
433.599942006,67.80586666666669
77.99998002000002,12.5808
24.26665996533333,74.27253333333334
21.599991176,68.6808
201.0666372026667,268.4352
47.99999458,100.6616
6012.931705216,503.316
3078.3995488960004,28029.1328
175.55995380000005,156.58586666666667
7.802664906666666,153.78986666666668
19.066661526,181.75253333333333
103.99997152,318.76506666666666
29.25999428,7102.352266666668
128.2666484626667,293.5992
278.99996321333333,0.0
150.799962822,738.196
117.03996968,0.0
77.99997900000001,503.3152
122.891980596,100.6632
15.599997618,131.42053333333334
27.733325792,60.99013333333332
93.599963928,83.88586666666669
2495.99964672,2438.2864
5934.931753727999,1132.4608
71.06665679933332,0.0
64.371989836,503.316
154.26664417933338,11.1848
95.33330726333334,0.0
24.266663148000003,45.6112
15.599995824,180.3544
129.9999654,293.6
150.79995939999995,67.1088
25.999993,67.1088
25.19998970533333,71.12693333333333
53.73332103666666,352.3205333333333
29.25999538,11.184
14870.262686010668,4054.492533333333
27.733322624,61.8648
36.39999021399999,150.99439999999998
204.53327826666663,369.0984
95.58264121933334,134.2176
72.799980372,128.62373333333338
15.605330399999998,206.9173333333333
135.19998029200002,33.5544
1123.199720928,2684.352
931.199875452,1135.256
161.199940356,55.924
411.5905862053334,1073.7408
240.93330238266665,760.5664
51.99998,363.50506666666666
65.86663915466666,209.7136
29.2599923,109.0504
9.599998572,327.15386666666666
424.66650267999984,1040.1864
27.309330692,96.99093333333332
109.19996724,22.3696
140.447968032,67.1088
25.99999308,167.7696
77.99997900000001,229.2872
20.799994544,83.18533333333332
657.3745678133333,1375.7304
269.191973964,0.0
6005.99856087,369.0984
10.399998896,81.08773333333333
27.309330692,114.46746666666664
79.97731950266666,376.0869333333334
21625.06089443733,4795.485866666666
25.99999309,167.7704
207.99994432,274.0266666666668
162.93328865200002,402.6528
237.46660666066663,131.41946666666666
20396.125418064665,3677.004533333333
21413.594300688,4417.998933333333
31.21066312533333,44.562933333333326
79.73332109733333,106.25413333333331
25.99998914,0.0
51.99998616,206.9168
23.407994672,80.56293333333332
173.33328726666664,100.6632
20.799996936000003,60.9912
93.599977572,67.1088
11.703997712,32.67893333333333
191.99997432,517.2973333333332
109.1999769,973.0765333333331
112.66663967,525.6842666666668
155.99997612,167.7704
19.066661966,104.856
178.53330758333337,134.2176
5993.865046017333,33.5544
20101.461223808,4110.416266666666
292.79996083799995,324.3576
20.799994344,72.52453333333334
21638.927407594667,4384.444
5.199998594,47.5328
25.999992820000006,58.7176
71.066646768,0.0
155.99995805999995,55.924
243.83328483333327,0.0
149.0666265333333,0.0
140.399962254,78.29360000000001
124.799980944,0.0
242.6665716533333,517.2957333333333
52.667994024,167.7704
24.266660217333325,8.388
3231.99951924,1420.4696
169.70795365799998,134.2176
4492.798742016001,3215.632
130.6946328093333,167.772
25.99999304,212.51013333333333
23.407997736,102.2344
27.733325792,72.8744
11.70399824,42.11546666666667
39.86666091666667,282.4149333333333
21.599987792,84.93253333333334
230.5332713553333,0.0
158.003959068,111.848
77.99997888,0.0
90.13330906666664,150.99333333333337
7.802665199999999,34.42586666666667
265.20002315399995,447.392
36.399990326,95.0696
140.399962254,33.5544
29.2599923,155.8856
129.99996575,22.3696
159.4666242853333,134.2176
158.00397267600002,514.5
142.11997756000005,922.7448571428572
29.259993400000003,131.42
86.66665433333333,0.0
50.7173238,788.5272
4016.132307674666,1946.1552
204.81998019,2773.8304
29.25999582,33.551199999999994
21550.530208506003,9115.619733333331
31.199995512,153.79066666666662
1816.532849856,2113.9272
4.799999358,142.60479999999998
267.241307486,0.0
11.703996832,27.4352
183.73330683333333,167.772
129.9999808,67.1088
161.19995659999998,33.5544
91.86664246333332,44.7392
25.99999313,153.79013333333333
197.599970588,671.0864
11.703997975999998,45.78586666666667
1.9506663586666668,18.69733333333333
1363.515636986,1789.568
3097.797690418,0.0
11.703997272000002,19.221866666666664
232.266604848,402.6528
975.866457606,1946.1552
766.611844372,894.784
233.99994006,585.8018666666667
80.9999598,246.0637333333333
51.99998616,89.4784
228.799943592,0.0
40.963993532,314.5704
206.26663691666667,44.7392
362.2665712233333,514.5008
25.199996677333328,63.96106666666666
67.599992824,508.908
51.9999862,11.1848
112.66663819666668,123.032
1252.799858538,1971.3205333333333
17064.662000136665,4362.074933333333
207.99994432,123.0328
145.59997888799998,22.3696
175.55998007999997,268.4352
21.59998928000001,51.0288
10999.806829617331,1767.1984
98.79997378,100.6632
226.277289176,123.0328
129.999961,156.58720000000002
1.7333328673333332,53.12506666666666
123.06663372266668,89.4784
19368.263806122664,4641.694666666667
58.933317670666646,187.344
11.703997975999998,30.0576
132.64529842666664,799.7122666666667
25.99999306,156.58613333333332
176.799951788,0.0
156.05329290666668,134.2176
50.71732189333333,237.67466666666664
11.703998064,13.454933333333331
27.733326496,58.54373333333332
9.7533315,139.80933333333337
29.25999538,0.0
2171.998431333333,27365.50266666667
41.59998888,65.70826666666666
25.99999612,117.43893333333332
69.33331504000002,0.0
20.799994344,84.40906666666667
21184.794369732,3718.946666666666
3194.532473266667,1431.6544
31.199995512,3724.54
57.199991882000006,86.68026666666667
21533.196952224,4048.8992
17.333328693333335,176.15866666666662
88.39997647199999,55.922933333333326
36.399990158,78.29226666666666
7.802665434666668,30.05653333333333
77.99997888,0.0
1527.99979563,3313.498666666666
27.309329226666662,173.36266666666663
996.7904643106666,548.0551999999999
24.266663092,31.10453333333333
31.199991648,95.06906666666669
31.199991648,157.98426666666663
103.99997156,83.88560000000001
31.199991708,436.2056
629.1999073139999,304.78506666666664
187.199949672,134.2176
4021.332719306667,1420.4696
19.066664642666662,95.06906666666669
29.25999516,117.4392
206.2666361233333,67.1088
36.399990256,227.888
67.59998180000001,173.36293333333333
4688.6659669733335,637.5336
2593.066269728,2818.5704
27.309327117333325,70.07813333333331
133.46664695466671,33.5544
35.111993136,159.38320000000002
506.1332615013334,905.9688
204.81996003,324.3592
54.61865845333333,188.7416
57.199985546,5.592266666666666
29.259993840000003,18.8712
29.259993840000003,41.24213333333333
568.5331822346666,2169.851466666667
25.99999308,57.319466666666685
77.99998851000002,46.1344
201.066635888,391.4672
8318.265486112668,3310.7024
3516.799529628,679.4757333333333
90.133308928,0.0
400.399893432,671.088
20.799994544,82.13680000000001
19.06666166533333,109.0504
334.53320415199994,556.4418666666667
138.49729745466666,89.4784
4109.397677427999,0.0
77.9999835,41.9424
154.26662667600002,100.6632
107.46665067066664,643.1250666666667
181.99997207,201.3264
98.799973552,0.0
169.86662191333338,0.0
103.9999724,46.13573333333333
77.99997963,0.0
260.79997055133333,457.1776
17.333330680000003,109.0504
693.3331463999998,603.9792
181.99995009000003,268.4352
1591.743748672,9540.641333333337
8.666665746666668,0.0
11.703998152000002,156.58693333333332
1436.399736128,357.9136
2651.99961852,6241.1224
1052.799859188,156.58533333333338
71.99999187,60.11573333333333
21.599991176,65.01013333333331
29.259995600000003,39.14586666666667
29.25999538,33.5544
21616.394338166003,4194.303466666667
376.133232356,0.0
6004.264348095999,1353.3608000000002
15.599997815999998,181.7517333333333
21375.460919954665,12773.052533333332
117.866649848,11.1848
50.26665379066666,167.772
71.06664791600001,0.0
58.51998416000001,223.6949333333333
79.73331290933335,44.7392
163.855957552,33.5544
95.58264121933334,301.9896
31.210661269333333,67.10719999999999
4858.532591472667,2002.080266666666
138.4972964606667,285.2112
77.99998803,83.88560000000001
11.703998152000002,30.2328
10018.66400016,212.5112
95.33330766666668,279.62
154.2666447133333,134.2176
157.73331058333332,33.5544
25.19998749333333,49.6312
150.79995887799998,145.4024
79.73332109733333,95.07013333333332
155.99998344,225.0933333333333
43.33332341666666,234.87920000000005
10.399997336000002,159.3824
195.8666146113333,592.7944
185.46663920333336,223.696
6025.0650653893335,978.6706666666664
71.06664810733332,0.0
36.3999923,173.36426666666662
120.94131423733332,78.29360000000001
1441.7997351359998,223.696
22.53332742266668,159.38133333333337
161.19995697200002,167.772
7.802665434666668,28.13466666666667
58.51999076,226.4898666666668
166.39995532800003,201.3264
5.199999206000001,11.184
46.799993034,50.33146666666666
178.53328499199998,13.9808
273.09330692000003,0.0
35.111994456,67.10719999999999
223.99997470666668,967.4837333333332
13.866664645333335,137.01306666666667
431.599883302,503.316
20.799994368000004,57.49466666666666
176.799953624,212.5112
107.46665137333332,2371.1776
29.25999668,16.776
175.5599736,631.94
55.466653376,162.1776
29.259995600000003,39.844800000000006
11.703998064,0.0
245.78397622800003,134.2176
58.51998988,246.06506666666672
24.266663092,35.29973333333333
77.99997939,223.696
202.799969814,732.6031999999999
183.7332841493333,67.1088
27.309330692,108.00186666666669
83.87865216133333,508.9072
53.73331894933333,145.4024
161.19993731800002,44.7392
323.8105804573334,268.4352
164.66662353666666,0.0
3223.99874884,1219.1432
157.73331058333332,0.0
4291.7321778666665,2027.246133333333
169.86664216666668,123.0328
74.12531382666666,13.6296
21.59998928000001,62.38773333333332
3329.732444550667,950.7066666666664
25.99999302,35.650400000000005
64.37199032000001,553.6472
71.06664534666666,89.4784
220.133272966,246.0656
145.59997872,89.4784
24.266663092,54.17386666666667
21592.12742041067,4831.8376
181.99995401,1398.0992
6040.665040333332,1230.328
21.599991176,60.81626666666668
77.99997963,22.3696
2998.6658593333336,3500.8432000000003
8.666664383333334,39.14586666666667
271.79996416266664,0.0
51.99997964,27.95866666666668
204.53328652666667,178.9568
190.66663968,0.0
21.59998928000001,66.58319999999999
157.73331046200002,268.4352
29.25999516,95.06906666666669
10744.930440466667,1554.6871999999998
21607.730150348,4823.447733333333
3.466666136,162.17786666666666
25.99999602,109.0504
31.199991612,130.0224
159.46663293333333,553.6464
278.9997985,190.1416
129.99998159999998,0.0
66.32265669333334,268.4352
3775.99949496,817.8872
77.99997963,0.0
84.93331023800002,257.2493333333333
19.06666166533333,163.576
100.53330630533334,304.784
568.5331881386666,1733.644
56.569320148,352.32
181.411950462,0.0
117.03997108,33.5544
181.999951,503.316
84.93330060133334,14.6784
25.99999313,206.9168
25.199996677333328,39.4944
117.86663511466664,0.0
57.199984798,156.58613333333332
28.799996202666662,67.10693333333332
54.618658042666674,95.06906666666669
3709.797954114,0.0
19.506663733333333,31.45466666666667
164.66662233333338,536.8704
145.599977656,78.29360000000001
3916.798399914667,0.0
29.466658835333327,174.76133333333337
57.199991244,237.67546666666672
11.703997624,34.7752
33.16132685066666,145.40186666666668
710.6664742400002,1174.4024
129.99996545,111.848
163.855974128,945.1152
615.3332391399998,167.772
45.066648796,201.3253333333333
6.9333314586666654,11.184533333333333
747.0664635219998,0.0
11.70399824,27.960266666666666
154.26662833733334,195.73386666666667
20.799996904,183.14986666666667
5.1999989,128.62373333333338
161.199954864,111.848
629.1999073139999,329.95066666666673
2632.932964722667,1610.6096
93.599976024,296.396
243.8332673333333,1073.7392
317.19993839,201.3264
3.4666657293333327,167.77093333333332
130.694641162,503.316
3369.600294192,922.7448
3957.198934599999,12280.919199999998
136.93329667733332,89.4784
21.599987792,34.4264
383.99995664,1371.5368
29.25999538,89.4784
189.21461545066663,676.6791999999999
20935.194436068,4082.454133333332
116.13330398733332,520.092
20961.196928378,6599.036266666668
25.99999626,654.3104000000001
115.19998481066666,276.8224
143.86661083533338,212.5112
148.38996095000005,790.9251428571429
176.79995301199995,100.6632
306.25460690200003,201.3264
20.799994544,83.00986666666668
129.9999655,44.7392
77.99997660000002,195.73386666666667
42.91465666399999,86.68133333333331
51.99999234,198.5293333333333
194.1332842773333,111.848
2557.3235577560004,1722.4592
11389.940868254667,6610.221066666666
124.84264789333334,268.43440000000004
682.7332203999998,380.2821333333334
123.06663556866664,570.4248
103.99997372,42.6392
117.03998064,55.924
11.703997536,52.07706666666666
11.703997624,22.5424
15194.396061144002,8657.0416
109.199970306,128.624
15.599995824,116.04106666666668
87.7799712,190.1405333333333
29.2599923,181.75253333333333
150.799978134,134.2176
1503.963705992,889.1906666666665
57.19998460000001,67.108
180.2666403893333,100.6632
61.19996962666667,288.0066666666667
27.309330692,122.6808
181.411950462,78.29360000000001
25.99999602,117.4392
31.199987784,92.2728
31.21065956266668,74.62186666666668
591.0665068513332,1476.3936
131.73329832266666,33.5544
71.06665630733332,0.0
31.210663648,36.1744
19.06666166533333,88.95146666666666
159.46662373333334,100.6632
135.199964536,44.7392
152.533293792,44.7392
28.79998823466667,67.28213333333332
142.1332952853333,404.04933333333327
188.9332855913333,111.848
10705.062421696002,4048.8994666666654
152.15198528400003,22.3696
103.99998825666664,167.77120000000002
13.866664725333331,152.39253333333332
4874.715193655999,8265.572266666668
721.0664747520001,1756.0136
9231.731039602666,794.1208
158.00396916600002,0.0
24.266660217333325,184.548
28.79998372266668,95.4176
803.6745276853333,559.24
20.799997032,71.12666666666668
38.399994864,240.47093333333328
19.066659304,103.45786666666667
123.06665360266666,100.6632
6.9333314906666645,32.504266666666666
183.733284008,324.3592
20.79999524,30.406133333333333
2316.799738394667,0.0
57.19998493000001,61.51546666666668
138.49729745466666,67.1088
121.33328648,55.9232
15.599997815999998,251.656
25.999993,413.8376
17.333328953333336,25.1656
3085.332507413333,827.6751999999999
157.73331034066666,0.0
300.40258340400004,536.8704
136.54665346000002,357.9125333333333
13.866664725333331,164.9744
31.199991648,169.16879999999998
20.79999524,28.833866666666665
176.79995049599998,145.4024
200.9186137933333,153.78986666666668
29.25999538,0.0
20824.26377529733,3959.420533333333
3880.7978066293335,0.0
69.33332309333335,0.0
21567.861075612,3914.6818666666654
71.06664846266665,69.904
1168.4490002893335,626.3488000000001
56.56932482666667,208.31413333333333
103.99998524,134.21679999999998
5.199999206000001,50.3312
109.1999769,1258.2896
173.3332889333333,201.3264
10.399997224000002,106.25413333333331
41.599993616,810.8970666666668
29.2599923,83.884
4735.4653917333335,1722.4592
122.891978748,190.1410666666667
136.54665346000002,364.9016
129.999965,33.5544
117.03997108,67.1088
25.199985757333327,39.3192
107.28664972666668,187.34426666666664
17.555996304,188.7416
20.799994464,56.0968
195.86661423466663,0.0
60.66666022666666,111.848
97.06662892266668,371.8922666666666
31.19999178,297.7936
3230.303368512001,3858.7576
29.25999538,8.388
115.08931602666668,296.3968
195.86663675933332,503.316
6.399999048,41.94
10.399997236,53.1264
150.79996137199996,33.5544
51.99997964,114.64293333333332
11.703997624,19.396266666666666
603.199863352,0.0
166.3999552,100.6632
20.799991968,27.2608
25.19998970533333,61.86453333333332
5413.198561337998,2332.031466666667
230.178618208,665.4941333333333
7070.264784888001,4004.16
3.901332512,77.7672
177.5106206813333,167.772
185.46661915866667,123.0328
943.9998934066668,2353.0021333333334
273.5999639253333,0.0
27.733325909333328,184.5477333333333
8839.99762,7717.518133333334
142.13329741733332,419.4290666666666
9094.798628784,704.6424000000001
158.003955072,89.4784
5.199999206000001,44.7376
168.13330067666666,257.2504
10951.041019893331,8366.236
171.599953866,11.1848
119.599967616,251.656
29.25999494,55.9232
51.99998,352.3205333333333
368.675936244,276.82186666666666
3187.388494546666,56.6208
64.133308568,324.35786666666667
15.605330048,167.7706666666666
159.46664311466668,89.4784
23.407997736,30.9304
27.733325973333336,33.028800000000004
156.79998229466668,366.3002666666667
232.2666071706667,584.4045333333333
43.33332181666666,195.7333333333333
17.333330753333335,117.4392
21730.79348076,4250.226666666667
29.259993840000003,23.0656
58.93332496933333,19.572
36.399990284,413.8357333333333
239.19993698,536.8704
21224.65848700666,3760.890933333333
23.407994672,63.26133333333334
187.199949888,212.5112
25.99999359,39.14373333333333
169.86664288533336,234.8808
585.8665339453332,89.4784
795.5998316999999,2018.8562666666664
21.599987792,89.12639999999999
21.599997152,63.61146666666668
220.1333008213334,346.7288
655.199902476,397.0592
17.33333068666667,201.3248
4704.265971882666,2058.003466666666
19.506663733333333,100.6616
249.599966616,310.3768
4587.967275584,10972.2968
2633.3995841999995,1487.5784
31.199991384,12.5816
25.199981212,52.2512
188.93330448466668,145.4024
1.7333328726666664,72.69893333333331
3.4666653093333326,97.86533333333333
3092.265849594666,917.1536
22.533327284,32.852533333333334
13.654664510666668,157.98373333333336
412.5332236946667,1437.246133333333
29.466662167333325,145.4
71.06664777933331,0.0
545.9998515299999,0.0
69.33331986666668,0.0
4250.501995534666,2427.1016
225.3332999666667,290.8048
15.599995775999998,44.7368
7094.532323726667,10569.643733333332
5302.7961702,0.0
179.4612868426667,268.4352
22.53332734466667,146.8
21264.52761644533,4557.807733333333
5.199998618,0.0
25.99999612,25.164
119.12996828357146,107.85342857142857
27.733326058666663,44.0384
71.06664753333331,67.1088
81.46664539133332,89.4784
571.5452430893332,156.5856
58.51999076,176.15973333333338
14527.062755533336,3892.312
64.13331577066667,190.1416
253.58660756,1056.9624
158.003984718,1744.8288
21.599991176,88.0792
76.26665569599999,69.904
472.061202492,1040.1864
12.799998288,162.17866666666663
67.599981618,0.0
25.99999302,53.12506666666666
175.55996496,0.0
143.8666281546667,134.2176
91.86664207466669,257.2498666666667
10.39999762,61.51546666666668
117.0399824,55.924
3.901332688,23.94
77.99998998000002,352.32
257.487970784,279.62
51.99999232,44.7392
29.25999516,0.0
154.10263654133334,1560.2784
25.999993,33.5544
42.9146586,749.3802666666667
1111.87978264,992.6504
164.66662290333338,67.1088
60.66665801,68.5056
221.8666059093333,1442.838666666667
2341.732987477333,1375.7304
296.399936502,1258.289066666667
281.5999682026668,480.9453333333333
15.599997618,106.25466666666668
4033.4651122306655,11352.580533333334
155.99995823999996,268.4352
77.99998998000002,374.6898666666666
35.111994456,134.21679999999998
129.99996545,0.0
25.19998970533333,63.96213333333332
466.19993853066666,89.4784
149.06664545333334,2617.2432000000003
65.86664087733331,100.6632
11.703998064,29.88213333333333
71.06664728733331,67.1088
72.17465581333335,0.0
21.599987792,73.9232
209.599971966,478.1482666666665
192.399948496,83.884
878.3998825140001,1459.616
60.66664132666667,198.5285333333333
19239.9948792,3858.7576
11415.730325726669,1677.72
2305.687670616,3959.4216
310.26658528133333,0.0
48.53332019199999,254.45226666666665
150.2013033546667,67.1088
286.00002497,0.0
19910.794670032,9604.9544
152.15196963200003,167.772
48.59997588,240.47093333333328
20.799994416000004,38.09626666666667
8.666665453333335,125.828
320.66658218333333,782.936
518.2664501906667,3556.7672
76.26665857066665,425.0218666666666
71.06664764266665,0.0
149.06664596933334,0.0
74.53331352466667,123.03173333333336
741.8663813333333,1823.1224
210.6719604,520.0928
21732.530315854667,8891.9224
234.07993512,167.772
23.407996128,36.348
11.703997536,16.6008
9028.930888576,1579.8525333333334
23.407994672,88.25280000000001
58.51998636,475.352
280.89595142400003,648.7184
21106.796858334,4585.771466666667
181.41197272,581.6090666666668
3525.599479296,1454.024
164.66664228333337,246.0656
31.21065956266668,96.9912
25.99999309,173.3632
1549.599835504,2538.9496
50.26664698533335,33.5544
31.199995356,268.43440000000004
169.86662093333337,33.5544
29.25999538,0.0
209.73327767333333,290.8048
8978.664767333334,961.8928
771.3331256666665,3349.8485333333333
105.73330523266664,72.69973333333334
105.73331771733332,97.8656
239.931952276,0.0
25.99998982,206.9165333333333
100.53332041866668,184.548
84.799987386,167.7704
5.199998612000001,83.884
263.33993493,0.0
129.99996485,178.9568
71.06664764266665,0.0
3.466665933333333,139.80933333333337
300.4026147173334,581.6096
136.9332974146667,156.58720000000002
235.7332737653333,206.91786666666667
215.99997561,531.2773333333334
56.569323550666674,257.2490666666667
27.73332596266665,234.88
46.799993358,19.5728
187.199952048,178.9568
20.79999524,31.1056
10644.395779086,2002.0797333333333
31.210663648,112.5456
350.99993552,693.4576
2736.9326059406667,11598.6464
142.39863882933338,1308.62
64.133323516,301.9882666666667
155.99999472000005,123.0328
291.599961552,0.0
71.06664734199998,0.0
39.01332746666667,37.9216
3232.2541077053334,2158.666666666666
11.703997975999998,65.53493333333333
20.799996936000003,49.2816
140.399961606,0.0
140.39997883200002,363.5048
337.46527497466667,1783.9752
4239.9994329,1308.6208
13.866662954666667,146.8
1320.6010652413331,939.5232
45.06665413466667,452.9832
103.99997188,145.4024
261.85703348142863,362.5045714285714
6.499997489999998,0.0
147.33329423333333,33.5544
36.399990144,62.912
54.618658042666674,240.47173333333328
8876.396292395999,10189.360533333333
34.66665738666667,732.6026666666666
9.75333106,164.9736
8995.996498479999,67.1088
5.199998618,41.9416
21.59998928000001,105.73013333333331
11.70399736,173.36346666666668
103.3853436506667,139.80933333333337
183.73328386666665,134.2176
757.4665550860001,900.3752
201.066611528,100.6632
11.703997712,39.320800000000006
10815.99838592,4216.671466666667
81.46664520333334,89.4784
10160.798499328,335.544
7.802665023999999,16.9496
29.466655129333333,176.1592
103.99998412,100.6632
509.5999247360001,1879.0464
128.74398064000002,206.91786666666667
327.599917218,950.7069333333332
60.66666022666666,267.0354666666667
103.99997128,0.0
51.99999204,301.9882666666667
167.75728752400005,67.1088
21389.330297693334,3593.1184
122.891975472,0.0
154.10263590933334,167.772
57.199991244,192.93653333333333
31.19999178,243.2672
3109.5991723679995,167.77173333333337
116.13331604733334,313.17440000000005
25.99999631,46.1344
93.59997192,0.0
11.70399824,45.26106666666666
23.407994672,50.8528
23.407997736,30.23146666666667
122.891969634,22.3696
10379.198506992,1040.1864
150.79995992199997,301.9896
3090.5987374326664,0.0
175.0666398006667,279.62
3.466666221333333,65.70826666666666
1687.9998093966665,2147.4816
632.6665739566668,570.4248
3652.132361304,2639.6128
1.7333326639999995,13.98
2113.199611797333,268.4352
72.79998963999998,83.88560000000001
322.399915432,0.0
10.399997224000002,111.84666666666668
152.53331080533334,234.8808
98.799974388,201.32613333333333
21434.394303396,3928.663733333333
162.93331240266667,67.1088
27.733325973333336,59.4176
25.99999636,109.0504
117.03998064,0.0
74.53331329533333,44.7384
74.12532051466667,514.5
31.199995236,223.6949333333333
542.5332532053334,425.0224
66.59996694666667,246.0637333333333
757.4664606939999,492.1296
1505.9144402133334,0.0
199.3333038933333,458.5768
194.13328181333333,100.6632
11.70399692,62.3872
25.99999304,79.68960000000001
157.73331046200002,190.1416
155.99996124,441.7978666666666
682.7332203999998,290.8037333333333
21351.1942516,4557.8088
985.0864666866664,536.8704
2303.737004228,3948.235466666667
367.4665677333333,313.17440000000005
120.94130150666663,130.02186666666668
11.70399692,52.7768
175.55995206,246.0656
7526.131307066667,1084.9256
67.599981774,33.5536
20.79999448,35.1256
154.26662513333332,44.7392
6021.599092128001,592.7944
20683.86126499533,3154.1136
17685.197490062,3956.625066666667
14937.864385769337,3495.251733333333
28.79998823466667,85.98133333333331
31.199991708,159.3824
152.15196963200003,167.772
171.65861773866663,201.3264
24.266660301333328,42.64053333333333
25.99999602,128.62426666666664
65.86664926266666,405.4472
233.99993862,425.0224
135.19997935600003,268.4352
9.75333142666667,48.23333333333334
158.00395620600003,167.772
25.199996677333328,70.07866666666669
152.53329279466664,167.772
5.85199912,0.0
146.29997690000002,185.9453333333333
103.999972,134.21679999999998
27.733329088,176.1592
107.466625168,125.8272
405.599940096,4261.4114666666665
25.99999308,184.5477333333333
11438.707527221331,1073.7408
155.9999586,0.0
46.799992836,553.6472
5.1999986080000005,22.7176
79.73331232666669,111.84693333333333
70.22398785600001,536.8696
11.703998152000002,34.77626666666667
23.407997736,34.076800000000006
11.703997536,51.72693333333333
11430.904861786668,7907.658933333333
138.6666330666667,587.2008000000001
124.84263381333332,1056.962933333333
74.53331329533333,67.1088
28.79998823466667,63.0872
58.51998856,200.72514285714288
21.599997152,73.3984
60.470650298666655,257.2485333333333
21.599991176,73.224
25.99999309,139.80906666666667
1.7333329366666663,41.94026666666667
114.399970784,187.344
51.99998608,11.1848
79.73331189733335,201.3248
454.505207358,637.5336
118.99064877333336,195.7328
53.73332539733333,0.0
164.6666438033334,11.1848
1414.799740096,134.2176
21.599997152,63.7864
13.654663792,149.59493333333333
389.99994045,223.69546666666668
14761.063799613336,6227.716266666667
79.73331232666669,134.21679999999998
187.199952696,134.2176
39.86665085800001,123.03146666666665
152.15196963200003,0.0
152.53329226666662,0.0
11.70399824,16.252
21625.063348050666,3467.2885333333334
178.53330854466662,111.848
25.99999724,201.3264
27.309330692,75.84533333333331
121.33330066666667,201.3264
20697.73113618933,4250.2272
101.4346506506667,353.71813333333336
157.7332897746667,234.8808
830.9838750399998,3668.6168
149.06663094799998,0.0
42.914659890666655,28.6592
24.26666018933333,170.5664
225.33330438666667,603.9792
193.115978088,268.4352
162.9332883386667,290.8048
29.259995600000003,24.9888
4107.998893999999,8243.203466666668
105.73329221933332,229.2874666666668
21.599991176,57.320800000000006
278.94530168266664,100.6632
25.19998749333333,52.9504
146.29997580000003,360.708
98.799985978,111.8464
155.99995800000002,67.1088
272.1332610086667,503.316
23.407994672,89.47626666666666
40.9639923,872.4128000000001
58.51999076,444.5952
25.99999321,30.756
129.99996545,346.7282666666667
25.99999293,56.6216
197.599946952,413.8376
25.199985757333327,88.4272
38.133324606666655,313.17440000000005
9.599998572,16.776
19.06666156266667,50.3312
88.39997735600001,195.7328
168.13330882466664,111.848
234.07997344,167.772
20715.061201076,12862.530133333334
1350.266307807333,3316.2941333333333
213.199969332,167.772
187.199952048,67.1088
5733.865791149334,391.468
31.210663648,30.4056
24.266660152,36.348533333333336
236.030643838,3131.7448
119.599981738,371.8922666666666
10.399997772,15.901333333333335
7131.6362072853335,2695.5368
175.06661865799998,167.772
7044.265157568,9238.651733333332
6328.399785808,5603.5888
109.79998552266666,285.2112
7.999998810000001,89.47653333333334
77.99998002000002,268.4333333333333
38.133323008000005,240.4714666666668
5.199999332000001,37.7456
69.33332301333334,67.10719999999999
162.93326997733334,100.6632
150.79996027,145.4024
150.79996044400002,67.1088
87.77998482000002,436.2056
290.6492830706667,503.316
768.5625510933335,3019.896
1537.4665034586665,2684.352
134.595986982,67.1088
107.466637444,70.0776
129.9999808,369.0976
21548.794107231995,6621.4056
147.33331083666667,223.696
58.93332707733333,234.8784
142.13329829199998,349.52320000000003
5.8519989,171.96533333333338
140.79998410133337,727.0109333333332
162.93329003066663,0.0
237.981286892,1051.3712
157.7332920193333,33.5544
1526.3997195946667,0.0
51.99999262,318.7658666666666
6.933332597333332,2.796
181.411950462,346.7288
11.703997624,27.611466666666672
11.70399736,27.960266666666666
53.73332572799999,150.9936
6062.395621600001,0.0
83.878652792,162.17813333333334
25.99999343,47.53333333333335
20.799994416000004,30.05733333333333
204.74994589875,83.884
83.199977856,11.184533333333333
259.999931,290.8048
135.19996380799998,0.0
157.733292444,100.6632
117.03998064,89.4784
45.066654672000006,363.50453333333326
25.19998970533333,65.0104
20.799994408,37.74746666666667
102.266626114,139.80933333333337
37.062658306666656,271.23013333333336
24.266657295999995,55.57226666666667
25.19998970533333,67.9808
5.1999986,55.921333333333344
25.99999602,120.23546666666664
116.13330398733332,100.6632
223.599971276,693.4576
98.799976326,212.5104
904.79987124,570.4248
124.84264695466668,178.9568
183.73328690533333,178.9568
12.133330085333332,137.01306666666667
91.8666309446667,268.4336
74.12532162933333,320.8613333333333
47.99999458,95.06906666666669
171.59997557999995,156.58720000000002
752.2663999013333,805.3056
25.99999277,388.6704
135.19997139999998,67.1088
13.866662954666667,212.50986666666668
25.99998982,104.856
7.802665317333333,83.8832
103.999972,167.772
57.19998460000001,307.5808
77.99998869000002,218.1032
21640.660873626664,8410.974933333333
183.36261440266665,425.0224
145.59997961599996,123.0328
64.37199032000001,213.90693333333328
103.99998452,106.25413333333331
31.199991648,137.01226666666665
565.6932440133334,176.15786666666668
1421.999738773333,0.0
29.25999516,13.98
155.99995823999996,369.0984
128.74396572400002,145.40186666666668
115.08930269266666,78.29360000000001
23.99999679,103.45786666666667
714.1331399679999,1800.7528
134.59596269399998,123.0328
6.933331506666668,58.7184
58.51998416000001,237.67546666666672
5343.865883584666,1096.1103999999998
35.111992992,64.31013333333331
146.2999667,134.2176
83.19998803200002,97.8656
152.53330370666666,0.0
299.86654925733336,469.7616
12.133328582666664,109.0496
21449.99434875,6420.0792
23.407997344,50.50506666666666
95.99998716,200.62666666666664
2566.399656744,1219.1424
269.191947468,145.4024
436.949212224,1554.6871999999998
708.933144648,441.7984
27.309330692,71.1272
23.407994672,67.4568
3702.364307148,693.4576
1419.1998101820002,2927.621866666667
177.51061607066666,167.772
2827.0655673726674,592.7944
358.9225671840001,1230.328
31.210663648,29.53253333333333
11143.596982656,17238.587199999998
201.06662065333333,0.0
145.59996007200002,100.6632
25.99999297,61.51573333333332
21231.594357294,4362.075466666667
198.9679626,419.428
135.19996495200002,33.5544
1052.133184416,2628.4296
299.8666348346667,603.9792
175.06661966800004,441.79893333333337
11.703997712,26.212
24.266662961333328,55.92266666666666
57.19998493000001,0.0
29.2599923,81.08773333333333
10711.99714896,671.088
118.990655158,13.6296
1196.799839928,788.5269333333332
12041.464828027336,2810.1824
17.33332870666667,117.4392
193.115944956,715.8272
2075.3996187413336,0.0
9.599998572,44.7368
175.55995380000005,206.9173333333333
25.99999296,0.0
52.66798772400001,163.576
77.99997923999999,67.1088
291.200025424,223.696
83.199977248,50.3304
489.599944716,2105.538133333333
181.99997361,301.9896
2442.2662937513337,2449.4728
230.53324307066669,366.3005333333333
22.53332730133333,44.73813333333333
138.49731042399998,525.6856
11.703996832,46.30986666666667
22.53332742266668,163.576
5141.065899461333,1364.5456
11.703998152000002,28.483466666666672
150.799960502,201.3264
25.99999309,106.2544
3.4666657293333327,27.96
11.703998152000002,61.86346666666668
103.99995876,1834.3072
611.8665786519999,1230.328
296.5013629226666,111.848
3041.9992710900005,335.544
23.407994672,90.8744
144.3492959386667,279.62
136.79998196266666,201.3264
12.133330094666665,109.0504
210.671942472,324.3592
270.399960064,380.2832
27.309330692,26.5616
25.99999302,79.68960000000001
21.599983896000005,58.7192
6052.798305216001,715.8272
29.25999538,0.0
31.199992116,103.45706666666668
103.99997188,78.29253333333334
454.3999486906666,157.284
103.99995956,234.8808
3.901332688,26.2128
67.59997394800001,134.216
52.66799168399999,78.29360000000001
80.9999598,103.45706666666668
5.851999032,195.7328
114.399984116,78.29360000000001
27.733329248,43.86373333333333
161.19997761800002,167.772
35.111996604,246.0634666666668
1486.3998321606664,2002.0792
58.51999120000001,162.17946666666668
751.0065367933333,1230.3274666666666
87.7799868,209.7133333333333
29.259995600000003,159.3824
64.13332423133333,234.88
136.93329673,89.4784
135.19998029200002,268.4352
239.19990634400003,531.2762666666667
84.799987386,385.87413333333336
93.599976348,123.03173333333336
168.1332880666666,100.6632
29.25999538,232.7816
25.99999636,75.4952
20.79999524,34.9496
21526.260995323333,10222.916
3.4666653279999995,50.329066666666655
177.5106843813333,33.5544
214.5732881600001,536.8701333333333
659.3251598266667,279.62
157.73331058333332,145.4024
25.99999405,469.76
135.19998029200002,22.3696
2635.350270373333,964.688
28.79998823466667,87.2056
115.199914112,134.2176
40.963993532,145.40106666666668
21758.527324630668,3333.070666666666
36.799995078,243.2674666666668
120.94130150666663,911.5608
230.5332742813333,701.8453333333335
20.79999448,64.48453333333332
31.199987784,128.6248
77.99997945,106.2536
51.99997827999999,190.1405333333333
152.15197368800003,307.58133333333325
51.99997996,261.4429333333333
13.654664510666668,139.80933333333337
230.178644404,82.13573333333333
178.53331039866666,44.7392
95.99998716,76.89333333333332
230.533300438,0.0
36.39999442799999,220.8984
624.2131628800001,357.9136
140.399979642,123.0328
1738.043529552,2634.0210666666667
29.25999538,0.0
443.7332138666666,16.425866666666664
493.99992723,212.5088
97.599985482,212.5109333333333
31.199991516,81.08773333333333
20.799991968,0.0
126.53328048133336,27.96133333333333
33.161328097333325,163.576
5.851998416,61.51413333333332
5654.132491737333,1946.1552
148.25062719733333,301.988
9921.597408936,3154.1144
71.99998929,318.76559999999995
10751.863796745334,469.7616
54.61865845333333,176.15866666666662
69.33331466666668,111.848
258.2665981266667,503.316
27.309330692,36.6992
83.19997763199999,167.77120000000002
31.199987784,33.5536
24.266660684,335.5429333333333
11.70399692,38.09626666666667
185.31329432,486.5376
25.99999306,173.36293333333333
17.33332664,121.6336
563.7425183133333,827.6751999999999
169.70797448000005,268.43440000000004
161.19995666199998,100.6632
181.99995170000005,100.6632
21.599997152,63.960800000000006
1628.7997821479998,1811.9368
46.799981838,218.10266666666664
103.99998492,0.0
11847.330161893333,1968.5248
21.599997152,30.756266666666665
83.199967648,318.76506666666666
15.605330869333336,135.61413333333334
5790.596021643332,0.0
2393.7324844786663,1040.185866666667
29.466658835333327,167.7704
117.866637608,469.7608
77.99998839,38.44533333333334
3275.168816201333,1319.8050666666668
11.703998152000002,22.192
119.99998215,64.3104
155.99997618,201.3264
25.99999304,93.67093333333332
175.06661980266662,0.0
98.799973932,0.0
17.555996304,190.1397333333333
622.3999167540001,128.62266666666667
19.50666344,178.9568
160.1999345553333,0.0
50.26665313333333,285.21040000000005
9.7533315,176.1592
31.199991516,12.9312
48.76665896666666,335.54213333333337
195.0666153333333,159.3824
77.99997888,89.4784
157.7333130706667,89.4784
77.99998485,0.0
103.99998464,0.0
174.39998030733338,587.2005333333333
251.33323492666668,701.8450666666668
25.99999304,274.0269333333333
152.151960584,111.848
871.947862324,1644.1656
39.866656592666665,60.11573333333333
21.599987792,49.63013333333333
135.19997935600003,0.0
60.666643240000006,311.7757333333333
128.266632528,301.9896
71.06664753333331,27.9616
779.9997233999999,492.1312
708.9332250846668,883.5986666666665
11.703998152000002,42.9896
156.05331824000004,67.1088
11.70399692,67.45653333333334
8534.932082637333,7493.820799999999
388.79995609800005,136.66346666666666
171.59995551600002,234.8808
51.99999262,285.2112
57.199991244,243.2688
126.79332107,134.2176
5.199999258,78.29146666666666
136.54665346000002,391.4664
25.19998970533333,84.40746666666666
29.25999538,5.592
27.733326058666663,87.0296
25.99999617,226.4904
10.399997236,39.1448
1441.542363184,2516.58
159.46660465866668,67.1088
65.86663915466666,257.2490666666667
25.99999724,107.65226666666666
563.742512726,659.9032
77.99997660000002,0.0
143.8666446993334,67.1088
154.26665029066666,1207.9584
135.19996365199998,134.2176
24.26666354933333,164.97413333333333
3113.065844098667,67.1088
386.23194192000005,2583.6888
112.66663616,268.4352
19909.06140607866,5189.750400000001
2766.399906368001,2158.6664
8.666664346666668,64.31066666666666
74.53332272666667,0.0
11.70399824,25.86346666666667
3058.1977199420007,0.0
25.99999309,41.94
263.46659482133333,917.1536
176.79995253599998,643.1248
171.6586837973333,123.03146666666665
48.76665933333334,56.446133333333314
64.13331609133334,16.776799999999998
9.599998572,83.88426666666666
31.210659392000004,0.0
18773.728430500665,4026.529333333334
197.599947484,22.3696
195.866612954,11.1848
29.25999538,109.0496
25.99998982,58.7176
2502.399717437333,0.0
29.466662156,100.6616
143.86662798866664,44.7392
2102.3996137813333,0.0
20.799994392,35.47573333333333
2883.199674438667,3053.4504
74.12532162933333,232.08266666666665
31.199992308,167.7706666666666
237.981277864,532.6741333333333
138.66662837333337,0.0
175.06663986799995,162.17866666666663
13.866664549333336,127.22613333333332
104.39998623466668,290.8026666666668
29.25999538,167.77093333333332
109.199984418,156.58720000000002
25.999989690000003,33.552800000000005
169.86662779333338,301.9896
190.66664019333336,156.58720000000002
2487.0995886,1437.2458666666669
204.53330304666667,246.0656
159.46660465866668,55.924
171.5999538,33.5544
15.605329813333332,180.35306666666668
3716.0194412,6095.72
57.199985172000005,145.40186666666668
24.266660142666662,56.270666666666656
126.53329873133336,301.988
103.99997128,307.5805333333333
29.259995600000003,22.36853333333333
41.599993856,184.548
62.399991144000005,274.0269333333333
239.931933498,212.5112
428.133271748,492.1312
1.7333328706666669,69.90293333333332
271.9999692866666,500.5173333333333
492.2665297786666,251.6576
134.59596964,1263.881333333333
12.133330071333331,24.1152
90.13330910133332,0.0
10670.395822128,3344.256
577.5999347793334,167.7704
25.99999602,234.88
126.53328846266668,0.0
21037.46345440733,4501.884266666667
265.20002315399995,715.8272
181.99995170000005,78.29360000000001
6.933330655999999,153.7896
545.5999383926668,369.0976
129.99996545,324.3584
298.99995584,83.884
109.199984418,0.0
187.263969024,472.5568
62.399983392,47.533066666666656
77.99998998000002,469.7608
20444.65877188,3760.8904
25.99998998,36.34746666666667
5.851998856,163.57626666666664
2047.99972608,964.688
306.799919524,44.7392
249.599964384,0.0
15.599996004,81.08773333333333
71.06664810733332,67.1088
228.799970608,492.1312
227.0665777613333,310.3768
41.5999912,50.3304
1394.7264464466668,2594.8736
3059.332510843333,648.7184
201.06663766666665,156.58720000000002
10.399997236,34.77626666666667
11.703997975999998,57.669866666666685
114.399983676,100.6632
236.030620606,156.58720000000002
24.266660217333325,76.89333333333332
225.3332999666667,324.3592
7.802665434666668,24.814400000000003
140.447972064,134.2176
58.51999076,385.8744
135.199963392,178.9568
25.99999302,80.7384
35.111996016,166.372
5589.998486399999,13941.8648
743.2038826520002,3288.332533333333
69.33332349333335,201.3256
51.99999234,16.7752
34.66665309333334,131.42053333333334
249.599964576,201.3264
11.703997624,27.61066666666667
57.199986294000006,16.777066666666666
95.33330473333336,0.0
25.99998982,46.1344
282.84661147,1610.6112
11.703998152000002,31.63093333333333
227.0666068433333,11.1848
22.533327232,13.980266666666664
190.66663828666668,727.0111999999999
27.733329077333327,1023.408
126.53331488866668,0.0
25.99999602,57.319466666666685
29.259995600000003,100.6616
100.53330630533334,0.0
157.7332903206667,100.6632
24.266660684,55.5728
320.66661943,531.2773333333334
93.599974152,55.92373333333333
159.46662201600003,67.1088
25.99999293,46.13493333333333
930.799800594,1979.7096
76.799991328,78.29146666666666
188.93328312066663,0.0
21.599991176,69.2048
471.4665943146667,1314.213066666667
25.99998996,22.368
25.99999619,0.0
587.1505651293334,447.392
1463.99980419,399.8544
25.199985757333327,68.8544
110.93330372266668,380.2832
253.58661622666665,223.696
161.199958212,22.3696
198.967961104,536.8704
25.199981212,52.9512
207.99997792,1157.6248
5.199998618,55.921333333333344
129.9999659,67.1088
51.99998564000001,29.3568
953.875849388,1610.6112
152.53329232533332,123.0328
56.569326914666654,163.57653333333332
1366.399817244,452.9824
39.86665116466667,311.076
23.407997736,93.49626666666666
20.799994544,81.612
10620.130478151332,2027.2450666666668
774.7998846739999,771.7496
71.06664720533333,268.4352
5.851998858000001,134.216
24.266660095999995,0.0
95.58265157466668,451.5848
135.199963444,78.29173333333334
62.42131690666666,21.3184
51.99998602,50.33093333333333
155.99995823999996,436.2072
86.66664833333333,139.80906666666667
103.99997172,59.41786666666668
442.8012600880001,1090.5176
5.199999258,48.93066666666666
233.99994006,622.1533333333335
110.933309568,327.1544
313.7332869973334,452.9824
103.99998464,134.2176
21.59998928000001,85.4568
263.99996469,352.3208
110.93330577066664,671.0874666666667
155.99997606,22.3696
159.46662201600003,156.58720000000002
67.59998962600001,78.29173333333334
23.407997736,74.97173333333333
50.26665313333333,223.696
1139.1891020693336,1073.7408
25.99999613,78.29146666666666
343.99995399,281.0157333333333
228.22793994,187.34346666666667
195.8666218433333,223.696
3.466665924,27.95893333333333
77.99997867,0.0
81.59999078599998,33.551199999999994
159.46662637066666,536.8698666666667
29.259995600000003,23.0664
5061.331988186666,559.24
68.27332255333334,847.2469333333332
41.599994096,162.17866666666663
377.5999573626666,138.75973333333337
1483.7329338666668,2885.6784
19936.794732084,5570.033333333333
58.51998988,1135.2570666666668
3603.598211546667,925.5413333333336
157.7332911093333,313.17440000000005
145.599977768,301.9896
2086.9325162186665,3288.3312
47.99999458,67.10719999999999
21240.261013488,11366.5624
117.03997272,398.45653333333325
178.53326391133336,111.848
152.53327924266662,67.1088
23.99999729,0.0
136.54663586666666,1314.212533333333
11.703997975999998,54.87306666666666
72.02459643076924,26.212
2807.9989005600005,1342.176
202.79997075,246.0656
25.99999631,0.0
5.199999206000001,60.11573333333333
150.2013033546667,0.0
5.1999979960000005,0.0
17.555996304,177.55733333333336
27.733325792,67.28186666666669
5789.332478293334,5648.327733333333
88.399965388,631.9397333333333
10081.062719541334,2617.2432000000003
6.933331482666667,142.60479999999998
890.9329611973333,2427.1016
128.266631936,83.8848
93.599976744,413.83706666666666
920.39986371,805.3056
21113.730093187336,4320.130933333334
1351.99981917,427.8168
20271.328476010003,3489.6592
102.2666399593333,134.2176
332.79995097600005,0.0
77.99998875,33.5544
71.06664777933331,0.0
43.33332873333333,452.9829333333335
10703.33076865,6587.851733333332
54.618658042666674,836.0629333333333
74.53331343866667,0.0
25.99998982,134.21679999999998
79.73331211200002,0.0
232.266632452,603.9784000000001
582.3999342373334,248.85973333333328
25.99999631,5.592
25.99999631,81.08773333333333
110.93330363733334,0.0
236.030643838,78.81573333333334
100.799988618,215.3064
20.799991968,57.14533333333334
58.933317557333325,0.0
957.7771388973332,805.3056
233.99993835,111.848
491.399633634,0.0
83.19998819199999,33.552
69.33331536000001,117.44
31.19999286,425.0208
25.99998989,33.5544
682.7332203999998,352.31973333333326
72.7999804,100.6632
129.99996595000002,123.0328
35.111992992,156.58613333333332
25.999993,67.1088
32.93332858333333,209.7136
25.99999724,153.78933333333336
20851.9945063,4138.3776
51.99998578,159.3816
51.99999232,246.0656
20883.19706832,3439.327733333333
11.703996832,17.1256
105.7333041346667,58.01946666666668
77.99998851000002,58.7176
1480.2663017239995,2773.8304
171.5999538,167.772
15.605330869333336,146.8
825.0663740853332,998.2429333333332
54.618657632,86.68213333333331
27.733325973333336,62.56186666666668
157.73330269666667,67.1088
95.33330726333334,335.54240000000004
4676.531513082668,1778.3832
119.99998215,0.0
17.555996304,230.684
55.46665853866667,201.3264
31.21065956266668,94.8944
25.99999302,88.378
131.73330141333332,657.1061333333333
25.99999912,150.9936
138.4973056906667,190.1416
181.41201810400003,134.2176
214.93327695466667,111.848
1260.1304203253335,852.8402666666667
651.5225344026668,2382.3634666666667
27.733329482666672,206.9165333333333
29.466655208666666,58.7176
10.399998412000002,0.0
142.398643112,559.24
7461.997990999998,11811.1584
24.266660684,194.3336
255.537296828,566.2296
3088.7991779040003,852.8410666666667
183.7332618893333,55.924
23.407997736,32.85306666666666
249.68526412800003,44.7392
171.59997525,190.1416
3688.197966026,0.0
83.19997843200002,117.4384
764.6612183466667,3078.6170666666667
9.599998572,72.69973333333334
1.7333326639999995,55.921333333333344
181.99995233,167.772
178.53328567866666,67.1088
15.605331824,22.7168
21.599987792,77.06906666666669
187.19997228,67.1088
173.33328666666665,55.924
143.86664569533335,111.848
178.5332865026667,33.5544
19411.597035998,4152.3592
103.99998452,128.62426666666664
25.99999,1577.0568
25.99999724,86.68026666666667
181.99997207,279.62
6066.665488333332,6990.5048
5172.266491605334,4071.268533333333
114.399982752,153.79013333333333
62.399990712,184.5488
1106.027700624,1694.4951999999998
28.79998372266668,89.47626666666666
25.99999309,72.69893333333331
21427.46089773333,4557.809066666667
97.06663986133331,83.88560000000001
43.33331636666666,226.4904
146.2999667,111.848
38.133318402666674,53.1256
11.70399692,53.65093333333333
19999.197169344003,3400.18
3265.1986661053334,0.0
25.99999309,0.0
10673.864109044,3131.744533333333
31.210663648,111.1472
135.199964068,0.0
166.39997568,290.8048
2327.145000884,3881.126933333333
129.9999653,369.0984
24.26666111333333,27.43546666666667
25.99999336,128.62426666666664
162.93329003066663,0.0
173.60928384933334,223.696
21.59998928000001,70.7776
72.799980568,195.73306666666667
181.99995170000005,33.5544
208.721292602,0.0
2197.865806117333,3724.538666666666
10.399997772,29.18293333333333
192.3999482,301.9896
129.99996545,55.924
103.9999762,0.0
192.399973064,167.772
91.86664384133331,352.3194666666668
36.399994442,251.6568
53.73331886666666,486.5384
187.19995068,33.5544
21139.72756869067,7918.844
16071.462469541331,3288.331466666667
128.74398754800006,257.2504
259.99993,1152.033333333333
3033.332162,436.2072
5.199998718000001,16.776
22.533327206,30.93013333333333
25.99999304,352.3192
21919.72771850933,4194.3032
38.13332272933333,475.352
58.51998636,177.55679999999998
25.99998982,96.4672
8.666665746666668,145.40053333333333
6907.332350366666,2013.264
121.33330267333336,223.696
10510.930535807998,6543.112533333332
25.99999302,88.07839999999999
149.06664556799998,134.2176
23.99999679,71.30080000000001
145.599977656,0.0
168.13330908333333,100.6632
152.53329261866668,167.772
298.13325306666667,838.86
110.93330385066665,156.5856
143.8666286526667,0.0
29.2599923,97.86533333333333
311.99995356,671.0858666666667
31.199991696,67.1064
181.41201810400003,134.2176
181.99997305,167.772
7.802665317333333,111.84666666666668
147.33331270666662,22.3696
83.199978976,22.3696
21.599991176,59.41786666666668
20.799994416000004,36.1736
300.40263258133336,201.3264
32.93332465666666,276.8224
103.9999724,33.5544
60.79999313466665,139.80960000000002
39.01332890666667,159.3824
5315.3961611,0.0
21.457328816,209.7136
10.399997236,125.828
140.39998002000002,167.772
20082.394654992,3704.966666666666
137.42853511571428,0.0
23.407994672,71.30160000000001
133.46661933733333,0.0
164.66664146,44.7392
564.7999244580001,615.1629333333333
6.399999048,106.25413333333331
103.99998464,123.0328
31.199996688,123.03146666666665
29.2599923,114.64186666666669
77.99997939,156.58720000000002
6037.197606018,581.6096
8.35999868,57.48228571428572
55.466644672,0.0
1566.399823127333,2130.705333333333
161.19996869,0.0
60.47065980533333,53.824533333333335
116.133288488,0.0
533.8665880240001,1006.6314666666668
27.309327117333325,51.20293333333333
133.46663011733332,11.1848
12.5399967,28.46
4335.065559557333,2236.96
80.9999598,137.01226666666665
77.99998869000002,50.3312
31.21066173866668,38.796
159.4666226293334,0.0
244.399965126,0.0
1643.1995576000004,3109.3744
199.33327966666664,313.17440000000005
100.53332041866668,268.43413333333336
24.266660152,57.49466666666666
116.13330300466669,341.1357333333333
5983.464293992,447.392
20964.66114328333,12594.0952
21852.127483685334,4787.097066666666
60.470652572,346.72853333333325
25.358660946666664,248.85973333333328
129.9999494,349.52320000000003
660.3999027179999,274.02613333333335
11.70399824,19.921866666666663
69.33331517333335,290.8048
8179.143180926666,3512.030133333333
57.199978,844.4514666666666
175.5599736,665.4946666666665
1.7333330673333334,137.01306666666667
1238.3998343639998,1286.2517333333335
64.371989836,46.1352
83.199967648,83.884
187.26397184,430.6130666666666
103.99995956,33.5544
50.26664712066668,201.32586666666663
325.8665402053333,0.0
2482.1326650666665,1386.9152
29.25999516,117.4392
159.46663293333333,257.2504
10.39999726,81.08773333333333
41.59998873600001,777.3424
4915.731425650667,2382.3624
156.05330282666668,1140.848
29.259993840000003,18.8712
210.67194160800005,78.29360000000001
7.802665434666668,163.576
1.9506663733333327,100.6632
5.85199912,50.33093333333333
142.1332952853333,324.3592
6566.399258544,1733.644
71.06665655333332,0.0
11.703997975999998,24.989333333333327
25.99999304,145.40133333333338
223.599965858,615.164
77.99997963,0.0
641.599914186,436.2064
102.26665156266668,246.0648
77.99997846000002,0.0
21685.727544910667,4040.5112
90.13330896266667,162.17839999999998
11.703997975999998,62.56266666666666
166.39996192,223.696
11.703998152000002,45.0872
21422.260907372663,4473.9224
31.199995344,225.09226666666663
247.86659878933327,548.0551999999999
479.863872244,1420.4688
9018.530808143998,1431.6544
11.703998152000002,40.367466666666665
20.799994416000004,57.6696
3905.9977923866654,0.0
10770.930458322668,3422.5498666666667
2301.78633784,4350.890133333333
169.86662152133331,156.58720000000002
77.99998998000002,206.9181333333333
6770.399039124,1196.7736
5.19999881,25.1648
3577.5994908799994,4652.8808
21618.12767104533,4630.509866666666
3000.124882186667,3545.5832
225.33330178666665,0.0
593.0025462826666,3590.3216
57.19999122200001,788.5274666666667
258.2665981266667,402.6528
72.7999804,654.3104000000001
7491.464753461331,950.708
76.26664651466665,419.428
13755.729809749331,3718.947466666667
29.259995600000003,53.12586666666667
35.111994984,51.72693333333333
175.066620072,55.9232
29.25999429,159.38266666666664
5.199999202,41.94
2686.6663814666667,1342.1754666666666
11.703998152000002,27.7856
19626.528154948,3355.440266666666
36.39999442799999,190.1416
20.799996824000004,117.4392
11.703997975999998,15.376533333333333
159.46663293333333,525.6845333333333
1234.771749332,1353.3608000000002
6005.99841303,246.0656
20.799994256000005,69.02933333333331
15752.529177088,4227.8568
166.39995494400003,201.3264
152.15196963200003,22.3696
711.9931941466667,10021.5888
27.309330692,92.7968
79.73331186666667,419.428
34.66666181333334,50.3288
70.223989968,294.9981333333334
100.53331906533334,117.4392
15.599997618,0.0
10.399997252,50.3288
22.533327240666672,109.0504
143.86664458866667,89.4784
58.51999076,167.772
11.703997975999998,44.5624
6.933332597333332,9.086133333333333
8611.774180704442,3467.289777777778
76.26665857066665,0.0
146.29996005,145.4024
51.99999232,1409.2848
146.29995945000005,100.6632
548.7999380313333,279.61866666666674
77.99997900000001,301.9885333333333
50.26665516333333,380.2821333333334
643.199913972,1118.4797333333331
77.99998215,0.0
29.25999318,406.8448
11.703997712,70.95146666666666
58.51998636,436.2056
1427.199809112,810.8973333333334
155.99995890000002,78.29360000000001
138.66662976,381.6792
12034.531569811334,17783.848
29.466655129333333,55.9232
10.399998448000002,11.008
190.66664642666663,346.7288
591.0665820986668,178.9568
24.266663092,61.1648
35.111996016,71.4768
103.99997436,81.08773333333333
217.79989190666663,223.696
29.259995600000003,75.496
175.0666193313333,268.4352
8976.930947540666,1999.2832
485.3332026666667,671.0871999999999
294.6665873333333,0.0
33.161328097333325,20.0952
11.703997975999998,19.745866666666664
29.259995600000003,159.3824
1006.3998863606664,1487.5784
424.6665523333333,1235.9184
891.454423238,525.6856
57.19999155200001,33.5536
472.0612410506666,704.6424000000001
31.210663648,32.504266666666666
175.0666193313333,33.5544
110.93329058133332,139.808
55.46665205333333,0.0
23.99999679,67.1064
76.26665566666667,78.292
181.411963792,301.9896
11.703998152000002,15.551466666666666
161.199957158,55.924
103.99995956,117.4392
29.25999494,33.552
11.703997624,24.465866666666663
77.99997978,100.6624
2623.646272133333,964.6872
116.13328857733332,0.0
20.799996936000003,36.17386666666667
83.19997843200002,67.108
24.266663148000003,36.698666666666654
9422.396252784,2315.2541333333334
34.66665728,0.0
29.25999494,100.6624
155.99995890000002,145.4024
51.99998617999999,111.84666666666668
27.309330692,42.9896
122.891967282,296.39706666666666
14910.12934774,5145.011466666667
58.51998636,464.16826666666657
39.99999465,159.3829333333333
51.9999862,0.0
23.407994672,98.56373333333332
477.91322194,1571.4632
21623.33026448333,5830.0808
79.73332158800001,48.93066666666666
135.19996266400003,44.7392
13103.99804952,3623.875466666667
77.99997923999999,41.9424
102.26663952666668,48.2336
6.933331477333334,69.90266666666669
25.99999293,12.5808
902.399898104,1589.6391999999998
1429.838440902667,2550.1349333333333
53.73332196666665,402.652
27.309330234666664,71.30160000000001
74.53331381133334,0.0
95.33330781333332,55.922933333333326
3830.399487684,658.5034666666667
25.99999405,520.0917333333333
7065.063938464,4795.486133333334
58.51998856,199.9264
191.1652959626667,603.9792
4.799999286,100.6616
2324.3993974440004,715.8266666666665
105.599988076,71.30080000000001
462.307892244,796.9154666666667
269.192026864,100.6632
21245.460979418665,4026.529066666667
5.199998616,39.14586666666667
29.259995600000003,195.7325333333333
25.358662662666674,123.03173333333336
298.451941758,33.5544
624.2132394666667,1677.72
103.99998896,195.73306666666667
31.210663648,115.8664
11.703997975999998,47.009066666666655
29.25999538,153.0904
442.799819108,0.0
10710.262510259334,1934.9704
27.733329077333327,150.9936
116.13331613666668,503.3141333333334
29.466662156,218.1032
71.06665608866666,274.0272
152.53329338133332,246.0656
27.733325792,70.42746666666666
175.56001752,67.1088
213.1999426,212.5112
259.999931,167.772
77.99998839,16.776
83.59998617142857,515.2982857142858
15043.595880368,4362.0744
57.19998460000001,16.776799999999998
12.799998288,95.06906666666669
10890.57036232,8321.497333333333
83.199978048,0.0
105.73330523266664,134.21706666666668
7.802665434666668,87.37893333333332
1615.1516842560004,0.0
760.7598856000001,2661.9824
116.13330398733332,576.0149333333333
655.423872096,1241.5128
166.3999552,156.58720000000002
29.466658824,212.50986666666668
21.457329784,41.94
233.99994231,0.0
117.0399692,117.4392
95.99998916,53.12506666666666
287.7332558666667,3640.6544
8968.265366268,1610.6112
62.399983224,117.4392
187.199949888,134.2176
29.466659141333327,346.72613333333334
41.599983504,324.35813333333334
29.25999538,0.0
20.79999448,58.0184
97.06664131733332,223.696
178.53329865666663,11.1848
5.1999979960000005,173.364
9897.330653439998,1509.948
11.70399824,22.71653333333333
128.26663558666667,335.54213333333337
1411.1997407573333,671.088
41.599995302666656,61.51386666666669
23.407996304000005,233.48026666666664
3659.0657026433337,357.9136
559.9999367666667,355.1152
265.20002315399995,89.4784
164.66662322000005,0.0
29.25999538,198.528
21335.594329653995,3453.3085333333333
37.06265691333333,385.8744
161.19993731800002,279.62
1532.2662617946664,223.696
575.4465758066667,106.25413333333331
232.129269946,190.1416
305.066621728,0.0
135.199980396,145.4024
17.33332864666667,92.2728
20.799994568,74.4464
27.309330692,34.42613333333333
4780.532612575999,1465.2088
129.99997249999998,11.1848
13.866664725333331,125.828
21625.06075304266,4518.662133333334
226.277301008,816.4893333333334
64.13331606666667,637.5328000000001
140.447977824,587.2008000000001
169.70796612799998,268.4352
193.115947266,89.4784
25.99999309,62.912
23.407997344,46.1352
62.399991144000005,145.40133333333338
11.703998064,34.601333333333336
712.3998092959997,1638.5728
167.757309368,385.8744
20.799994416000004,35.65013333333333
142.39864204133335,324.3584
11.703997975999998,26.91146666666667
38.13332319866666,173.36293333333333
5.85199868,159.3824
27.309330692,29.8816
24.26666027333333,31.45493333333333
1.733333084,131.42053333333334
1.7333326606666666,58.7184
14736.797914176,4898.9456
201.06663766666665,167.772
129.99998104999997,178.9568
62.42131878400001,369.0965333333333
183.36262530666667,1353.3594666666663
275.599926754,1107.294666666667
31.199995572,106.2536
175.06664188800002,0.0
155.99993934000003,55.924
128.74398754800006,348.1256
9632.130443693331,3858.7576
185.4666383473333,0.0
20.799994344,71.30080000000001
202.869290624,525.6853333333335
11.703998064,47.00933333333335
1339.866303872,2550.1344
74.53332223933333,78.29173333333334
131.7332980693333,380.2832
5868.7993373146655,9999.218666666666
322.399952508,178.9568
353.07056603066667,492.1312
29.25999494,72.69946666666667
77.99996946,34.9504
3965.397813155333,0.0
138.66663013333334,134.2176
77.99997963,0.0
209.7333039706667,0.0
100.533309244,234.88026666666664
311.9999172,458.5768
25.99998982,53.1256
11.70399824,89.12613333333331
2814.9329327466667,10390.687199999998
181.99995401,78.29360000000001
259.999931,223.696
21314.794294192,4585.770933333333
23.407994672,82.83493333333332
155.99995854,201.3264
181.999951,525.6856
136.93329725666666,67.1088
407.6892536346666,1017.8168
25.99999617,360.708
168.1332881313333,201.3264
91.866642852,89.47760000000001
10.399997772,16.950133333333333
117.86664925866664,123.0328
69.33332344,69.37893333333332
3321.9848088093336,1286.2504
72.79998014799999,0.0
161.199954864,123.0328
91.866642004,55.92266666666666
10.399998412000002,0.0
86.66665343333334,536.8688000000001
71.06665655333332,0.0
382.33056487733336,1610.612
51.99998617999999,198.528
36.399985748,184.5488
25.99999309,104.856
6837.99809851,727.012
674.9305550239999,461.3714666666667
840.6663155266667,1879.0464
29.2599923,83.884
5740.19605627,0.0
53.73331899066668,67.1064
129.9999685,740.9925333333333
5849.998434,2259.330933333333
93.599976348,176.15973333333338
511.074582128,548.0551999999999
1048.6665105766667,2248.1448
3583.798023600667,0.0
155.99997815999996,111.848
233.99996427,939.5232
36.399996136,285.2112
29.259995600000003,22.369066666666665
157.73331088666663,234.8808
25.9999945,83.88453333333334
143.86664652533338,67.1088
67.599990354,69.2056
51.99998754,83.884
103.99998464,150.99439999999998
136.93331237200002,100.6632
4.799999358,195.73306666666667
58.51999120000001,324.35786666666667
27.309330692,36.1744
256.5332652533333,246.0656
11.70399824,38.62133333333333
11.70399824,32.3296
25.19998749333333,99.0888
19.06666166533333,159.3824
27.309330692,95.41733333333332
27.309330234666664,71.82586666666668
181.99995401,167.772
13.866662954666667,22.36933333333333
228.799939104,380.2832
3.901332453333333,162.17733333333337
10763.99700678,1700.0896
2818.39959892,2013.264
6068.398387206,6794.7712
20253.99471059,3355.4408
3393.865358722667,4798.2824
85.82931978133333,0.0
119.599982336,0.0
98.799960822,27.961866666666666
122.891972028,67.1088
76.075991368,63.26213333333332
103.9999724,33.552
60.47065484533333,267.0354666666667
48.53332054666666,534.0733333333335
696.3878848080001,1230.3272
62.42132347733335,257.2504
152.15196963200003,123.0328
1492.2597082799996,960.4930666666668
814.6665463466667,413.8376
25.99999608000001,41.94
97.066642736,86.68026666666667
25.99999309,83.884
85.82931913600001,444.5944
77.99998893,0.0
146.2999747,1426.0608
1127.485224284,760.5664
77.99997927,206.9176
29.25999538,0.0
180.266639072,0.0
79.73332109733333,134.216
122.891968164,0.0
31.199995428,10.484
25.99998988,973.0776
181.99997417000003,2348.808
11.703998152000002,31.63013333333333
159.46662489866668,290.8048
10562.931773269333,2852.1242666666662
76.266654992,285.2109333333333
11.703998152000002,60.9904
58.51999434,307.58133333333325
29.25999538,6.290666666666668
1417.599810396,464.168
3919.066110460668,5508.517599999999
9.599998572,55.921333333333344
24.266660301333328,35.65093333333333
714.133139144,469.76
129.9999655,89.4784
15.599995806,75.496
21723.860826288663,5061.124533333334
17.33332878666667,211.11226666666664
3.901332512,53.12613333333333
77.99996967000001,111.84693333333333
149.06662802399998,67.1088
36.399985748,36.34933333333333
204.5332545093333,234.8808
31.199987784,180.3528
27.309330692,36.6984
193.1159637,391.468
3187.388494546666,80.38853333333334
8.666665746666668,55.9224
29.25999538,171.26506666666668
301.599935388,1761.6064
58.93331780666666,111.8464
23.407997736,31.629333333333328
179.4612821813333,268.4352
69.33331482666668,67.1088
107.466650216,162.17866666666663
21649.32747136,4048.898933333333
48.53332043466665,369.0968
142.13329588666662,257.2504
24.266663092,63.262666666666654
254.79996374,548.0551999999999
9001.197843173999,458.5768
10767.464359944002,3523.2136
129.99996545,67.1088
159.46664452533338,33.5544
77.99998875,95.06986666666668
21274.930068449336,6291.454933333333
77.99996972999998,195.7312
36.399985748,162.17893333333333
29.25999538,195.0336
27.733326058666663,79.68960000000001
262.3999703706666,626.3471999999999
80.9999598,69.90266666666669
24.266663148000003,34.60053333333333
81.46664539133332,50.3304
50.71732532533333,796.9151999999999
178.533284374,145.4024
263.33993493,178.9568
234.07995432,246.0656
306.799954334,503.3152
155.99995847999998,671.0871999999999
23.407997736,33.37813333333333
17.333328693333335,144.00293333333332
10672.129101422,6308.231466666668
62.421321130666655,267.0354666666667
77.99996967000001,150.99333333333337
58.51998636,408.2448
107.466640916,167.77093333333332
147.33329372333333,89.4784
134.59596513199998,301.9896
25.99999336,33.5536
25.99999602,170.56666666666663
202.799970048,1121.2757333333334
221.86663466666664,212.5112
161.90530101866668,33.5544
32.933324580666664,508.9082666666665
51.999986,0.0
21.599997152,68.6808
57.19998493000001,167.7704
162.933308392,33.5544
6.399999048,11.184
211.46661005866667,257.2485333333333
1119.6824898746663,1946.1552
29.466658778666662,264.23866666666675
312.1065821866667,900.3762666666668
175.0665985926667,313.17440000000005
114.399983148,411.0392
190.6666387266667,265.63653333333326
289.46661044333337,1543.5024
21.599983896000005,53.12666666666666
152.15198528400003,246.0656
278.99996321333333,178.9568
204.5332537226666,1543.5024
242.66663054666668,576.0165333333333
152.53331121600002,67.1088
19749.596969196,6081.7392
25.99999602,225.4424
11.70399692,57.319733333333325
212.6226298973333,872.4128000000001
9.753331793333334,163.576
11.70399824,29.184
109.199970138,55.92346666666667
407.33325421666666,816.4904
207.9999692,55.924
6005.9985077400015,22.3696
5915.865064832,13270.776
29.2599923,165.6728
15485.59592014,4026.5296
75.59996248,198.5288
20.799991968,33.028
236.03063988533333,525.6856
187.19995032000003,44.7392
150.79995939999995,22.3696
119.599968214,335.544
555.1999373086668,152.3912
171.65864214399997,212.5109333333333
25.35866089466667,58.718933333333325
81.466644984,525.6842666666668
190.66661533333337,335.544
83.19998729600002,553.6474666666667
155.99995805999995,0.0
23.407997344,40.8928
4867.196484800002,0.0
807.7331158666666,3126.1528
21.599991176,68.85626666666666
10539.450415120002,18790.479466666664
21191.727399648,3646.2448
47.99999458,78.29253333333334
2806.2659337993327,693.4576
227.0666068433333,0.0
162.93329604666667,134.2176
166.399975424,469.7616
209.5999763326667,27.96133333333333
259.4386372293333,760.5664
11.70399692,39.32
21290.527601266665,4851.410133333334
278.9453611706667,123.0328
36.399994624,704.6424000000001
9027.1975696,2952.7872
20.799996936000003,47.7088
213.199970152,123.0328
112.6666502,134.2176
696.7998121319999,2415.9168
126.79329996666664,844.4506666666665
24.266657295999995,38.6208
11.703997975999998,41.06746666666667
51.99998608,5.591466666666666
147.33331083666667,0.0
126.79330048666664,0.0
2140.799713668,1012.224
381.3332328666667,838.86
3.9013327466666654,131.42026666666663
150.79996137199996,167.772
58.93332086666666,788.5277333333332
11.703998152000002,150.9928
133.46663073333335,0.0
10.399997644,111.84693333333333
31.199991648,142.60373333333337
4248.398869272,419.4285333333333
27.309327117333325,84.58266666666668
230.399973984,5.592
69.33332269333334,0.0
103.99997372,22.3696
19.799991911333333,68.1568
25.999993,121.6336
10.44999842857143,155.7874285714286
159.46664311466668,369.0984
247.734598002,246.0656
36.39999167,581.6088000000001
3430.3994897280004,1017.8168
21628.527726552,15127.455466666666
29.25999538,25.164
25.99999617,81.08773333333333
169.70795162800002,67.1088
210.59989548,380.2832
22.533327336000003,148.1968
147.3333021666666,0.0
230.1786268613333,643.1250666666667
1421.999738773333,268.4352
87.77998548,167.77093333333332
3123.465825733333,3131.744
36.39999442799999,173.36293333333333
103.99998412,855.636
11.703997624,28.3096
34.66665309333334,176.16
9271.998953036667,12538.1712
11.703997975999998,32.32853333333333
129.9999808,0.0
987.0371329573334,458.5768
20902.263603680665,4431.981066666666
42.914659568000005,308.2792
3.4666661373333336,142.6056
173.33330680000003,78.29360000000001
25.99999626,207.8402857142857
213.19995121,134.2176
1138.799697342,480.9464
168.13328974799998,587.2
262.399964904,377.4850666666666
87.77998614,350.9216
10.399998544,111.84666666666668
105.335981784,665.4954666666666
20.799994568,28.3096
76.26665566666667,89.4784
152.53331004266667,111.848
223.599943498,100.6632
58.51998668,0.0
29.25999717,116.09028571428571
32.933325796666665,452.9829333333335
15.599995806,109.0504
24.266660095999995,41.9408
3.466666168,69.90293333333332
5.199997992,72.69893333333331
25.99999308,58.7176
146.30001460000005,301.9896
23.407994672,68.68
1927.4659171786664,301.9896
29.25999428,167.772
31.210663648,73.5736
103.99997336,307.58133333333325
46.8159912,693.456
109.199983914,384.47466666666674
140.39996122800002,67.1088
98.799973476,0.0
112.66663715666664,123.0328
178.5333060726667,167.772
117.03997976,369.0968
12.133331471333332,100.6616
136.54663950666668,190.1416
32.933324542666675,67.1064
327.599874,167.772
157.73331064399997,78.29360000000001
158.00401576800002,201.3264
3.199999524,36.348
173.33328666666665,100.6632
51.9999862,55.924
27.309327994666663,30.756
622.2664974579999,0.0
7954.264705633999,2908.048
27.30932717333333,218.1008
3.9013327466666654,65.70826666666666
154.266644476,223.696
31.21065956266668,81.08746666666666
164.66663468333337,0.0
1.733333084,96.4672
129.9999636,257.2504
5404.532535125334,1258.2896
36.399985972,0.0
230.178621748,156.58720000000002
169.86664190533335,268.4352
150.2013033546667,0.0
23.99999679,85.28213333333332
51.99998,380.2826666666667
46.815992256,274.7256
10594.13038734933,6621.406133333334
11.70399692,41.94106666666666
21578.26360421267,12177.461066666663
11.70399692,39.49413333333333
72.799989696,0.0
1523.4704261186664,3338.664
57.19999155200001,61.51573333333332
181.99995009000003,123.0328
20.799994392,162.17866666666663
25.99998988,55.92346666666667
51.99997827999999,178.95573333333337
209.5999763326667,710.2344
81.46665419600001,123.032
25.99999299,134.21546666666669
20019.9946408,3690.9856
5.1999989,83.884
932.4184773786668,693.4576
159.46660465866668,145.4024
236.03061697600003,648.7176
339.415941304,503.316
98.799984914,41.9424
21.59998928000001,88.0776
7.802665199999999,166.37146666666666
154.2666244806667,139.80933333333337
103.99997232,156.5856
201.066637744,11.1848
15.599995824,192.93493333333328
77.99998803,100.66133333333332
255.537283466,223.696
31.199991516,14.329333333333336
56.569320148,257.2488
29.25999538,0.0
9.75333143,209.7136
31.199991696,202.7216
2608.6663014533333,1297.4354666666666
38.13332319866666,264.23920000000004
58.51999076,167.772
35.111992992,137.012
25.99998996,0.0
28.79998372266668,89.12639999999999
161.19995659999998,0.0
2352.503663928,4037.7144
138.66661749333335,223.696
142.13329648799998,268.4336
45.06664929866667,880.8021333333334
20.79999448,38.44613333333333
25.99999309,71.30080000000001
20.799994448000003,195.7325333333333
17.333328693333335,142.6056
166.399935296,100.6632
100.53332266133332,44.7392
7279.998924799999,8332.6824
69.33330437333333,260.0448
25.19998970533333,61.34026666666668
154.266644476,11.1848
21422.258394376,4417.9984
93.599975088,603.9781333333333
140.39998148799998,0.0
31.199987784,138.4112
349.1692338093333,536.8704
115.089306508,464.1685333333333
20.799994544,48.232
62.399984616,22.369066666666665
1439.9997354666666,1342.176
129.99996505,67.1088
3148.197652842,0.0
12.133330052666665,134.21626666666663
58.93332469733335,75.4952
161.19995672400003,0.0
5993.8652143066665,22.3696
77.99998077000002,377.4848
21.457328816,170.5672
280.89595142400003,480.9464
104.399922164,22.3696
66.32265669333334,0.0
752.957127724,939.5232
7.802665434666668,33.02826666666667
31.21066173866668,265.63786666666664
51.99997982,173.36293333333333
20.799994416000004,58.1944
35.111992992,318.7648
25.99999602,61.514666666666656
701.9998269299998,810.8970666666668
245.783972112,883.5992
21.599991176,67.9816
5391.641531584,715.8272
240.9332693933333,123.0328
2670.462245014667,9372.869333333334
25.99999293,11.881866666666667
80.9999598,117.4384
8.666665746666668,83.884
1168.2663763973333,3142.9288
9591.426485564,1196.7736
256.5332652533333,268.4352
210.671957952,257.2504
501.4282269285714,0.0
24.266660301333328,86.33013333333332
222.375956604,212.5112
27.73333038933333,64.31013333333331
20.799994416000004,30.580533333333328
551.7599087314286,772.9485714285715
25.99999613,60.11573333333333
29.466662314666664,195.7328
29.25999538,0.0
23.407994672,73.9232
178.53330758333337,123.0328
121.33332045333331,234.8808
35.111994456,352.3189333333333
204.82002044,201.3264
202.799945712,150.99439999999998
19690.663781226667,5326.7648
13.654664510666668,117.4392
103.99998408,206.91786666666667
91.86664129733332,0.0
1873.732588164,3254.7768
50.71732532533333,167.7704
140.399978562,33.5544
3017.599659262667,497.5637333333333
48.53332090133333,167.77120000000002
438.533163992,872.4144
25.599996576,78.29146666666666
637.8678896920002,1084.9256
117.86663656533332,173.3624
13.866662933333332,148.19813333333337
87.77997624,276.8224
102.26663870066666,0.0
25.99998982,159.3816
25.99999602,209.7128
422.9331700159999,615.164
97.06664012266668,0.0
311.99991816,0.0
77.99998869000002,117.4392
284.7973010186667,268.4352
155.99997618,123.0328
20718.527826984664,6277.4728
337.99986766,531.2768000000001
100.53330665333334,33.90186666666667
11.703998064,40.018666666666654
5.199999202,16.777066666666666
27.309330692,33.203199999999995
97.066628176,251.6568
29.259995600000003,125.828
256.5332652533333,279.62
164.66662233333338,100.6632
20.799996936000003,53.65013333333333
28.79998372266668,75.84586666666668
460.357257184,671.0864
126.53328846266668,11.1848
331.199962602,390.068
27.733325909333328,170.56746666666666
21772.394171696,4451.553066666666
51.99997964,78.29360000000001
74.53330466666667,525.684
9.599998572,27.96
128.743978704,290.8037333333333
11.70399824,29.357866666666663
70.22398785600001,475.3530666666665
1.7333328673333332,26.03733333333333
16364.395726374,3109.3752000000004
152.53331004266667,212.5112
41.599988944,223.6944
17.555996568,100.6616
23.407997344,74.448
103.9999724,123.0328
199.33330465999995,0.0
1.733332906,0.0
154.266643052,0.0
277.96995193000004,284.61114285714285
71.06664846266665,41.9424
124.84264319999998,173.36373333333336
136.54664002,246.0656
9.599998572,192.9352
83.87864757466667,167.77120000000002
95.33330733666668,0.0
25.999992820000006,47.53253333333333
87.77998614,394.2624
7.802664906666666,92.2728
5.199997992,41.94133333333333
77.99997927,139.80853333333332
12.133330047999998,86.68026666666667
135.19998076,22.3696
51.9999863,33.5544
175.55995326,665.4946666666665
22.533327778,205.5192
23.407994672,48.9312
188.93328312066663,167.772
27.309327117333325,67.45706666666668
269.191973964,0.0
963.6291377093336,704.6424000000001
79.73332155733334,0.0
58.93331760266668,447.39093333333335
11.70399824,32.15466666666667
202.7999454,458.5768
1790.5329042940002,3282.7402666666662
138.66664624,444.5944
15.599996004,86.68026666666667
25.99999309,82.48586666666668
193.5999781393333,838.8584000000001
90.133309344,637.5328000000001
20.79999448,38.794933333333326
284.39979460000006,178.9568
363.99994428,3204.4464
175.55996574,212.5112
157.73329141266663,687.8642666666667
10666.931770217332,279.62
65.599991226,1308.6208
31.199992008,246.0634666666668
5.851999076000001,79.68960000000001
405.738608704,524.2864000000001
84.93331683666669,307.58106666666663
175.0666201393333,33.5544
146.29997690000002,239.0728
93.599976744,413.8373333333333
166.399955456,234.8808
21553.99426332,5886.0056
597.99991444,0.0
135.199964068,55.924
181.99995163,178.9568
132.6453031413333,100.6632
58.51999076,44.7392
241.88261855466664,0.0
7.802665434666668,156.5856
45.06664917733335,301.98906666666664
150.2013033546667,55.924
158.003964036,145.4024
176.79995341999995,234.8808
50.26665379066666,195.7336
20.799991968,60.816
9039.330972676666,1297.4368
117.0399692,123.03173333333336
8226.396829672,2181.036
69.33331442666667,134.2176
28.79998823466667,61.34
77.99997660000002,0.0
382.399948854,131.07013333333333
3.4666657413333337,92.27226666666668
93.599976348,201.3248
7.802665434666668,57.1448
143.86663872333338,33.5544
77.99997978,167.77120000000002
264.5998089,0.0
110.93330530133332,33.5544
25.199996677333328,61.8648
207.99997088,0.0
65.866648908,39.14586666666667
10.399997236,22.368
103.99998825666664,503.3152
1063.1131175133337,1219.1432
91.86665362866668,229.2874666666668
52.66798812,324.35813333333334
83.87864757466667,106.25413333333331
36.39999167,648.7176
1243.7997715093336,357.9136
30.599984813333336,98.03893333333332
3197.1418253133334,1644.1656
33.161329570666666,64.31013333333331
161.19995604200005,78.29360000000001
81.59999078599998,67.1064
29.25999494,55.92266666666666
29.25999516,0.0
695.0664953060001,984.261866666667
197.599950068,33.5544
166.39997599999995,44.7392
175.5599736,520.0922666666665
6011.197678752,402.6528
102.26663870066666,156.58533333333338
298.1332527226667,855.636
128.26663558666667,671.0871999999999
27.733322624,66.05839999999999
848.5398086000001,5234.490400000001
27.733325909333328,117.4392
77.99997900000001,206.9176
561.5998488,16.075733333333336
15.605330048,111.84666666666668
17.333328693333335,170.56666666666663
206.2666125613333,167.772
20.799994432,78.29173333333334
171.59997525,100.6632
29.25999318,0.0
232.129288034,100.6632
3110.397681024,0.0
3.4666658813333333,55.92346666666667
5489.175133287999,6934.5808
1028.0011710173335,1297.4368
150.20129062400002,178.9568
2315.441002556,4261.410400000001
5955.731729866668,212.5112
2272.526324933334,3355.4408
146.29996210000002,22.3696
21.599997152,68.68
31.199987784,135.6149333333333
77.99998805999998,167.77120000000002
5.199999206000001,30.756
129.99998015,55.924
155.99995632,22.3696
55.46665173333333,564.8312
13.866662917333333,142.60453333333334
187.199950248,503.316
194.13325784533333,301.9896
129.99996520000002,0.0
536.3996000840001,0.0
129.9999862,55.9232
83.199978976,61.514933333333325
3.4666661373333336,138.4112
20.799996936000003,54.34906666666666
25.199985757333327,76.54480000000001
163.19997817200002,204.12186666666668
25.358660756000003,153.78933333333336
29.2599923,158.68213333333333
126.79330447333334,167.772
19.066663828666663,120.23546666666664
21.599991176,72.52533333333331
89.73064237866667,223.69413333333333
169.86662152133331,123.0328
224.32660541,111.848
5837.864380917334,1733.644
155.99995734,190.1416
10.399997208000002,100.6616
232.266633524,0.0
91.86665362866668,83.8848
33.161328596,41.940533333333335
2303.737004228,4362.074933333333
81.46665463466667,150.99439999999998
21741.19347764,4093.6384
77.99998998000002,190.1405333333333
32.933324580666664,292.20186666666666
1059.2118407200005,2952.7872
103.9999724,31.4552
22.53332739666667,27.43493333333333
173.33330673333333,0.0
6380.6293233760025,134.2176
11.703998152000002,46.3096
58.5199846,21.343714285714285
25.99999304,206.9173333333333
195.0666373333333,542.4608000000001
5.85199868,103.45786666666667
41.59998881599999,329.94933333333324
155.99997815999996,134.2176
991.4664054533332,1252.6976000000002
79.97731950266666,331.3488
20683.863611818662,3732.9288
190.66661533333337,279.62
167.7572998506667,268.4352
19.06666156266667,240.4714666666668
152.151970256,1308.6208
655.4238275199998,167.772
84.93331536666666,69.904
136.93331310933334,167.772
64.13332423133333,55.924
25.99999601,100.6616
225.3332999666667,223.696
10609.731733712,6621.406400000001
36.399994442,156.58693333333332
3333.6888069613337,2947.1952
25.19998970533333,63.960800000000006
27.733325888000003,53.9992
24.26666022666667,64.31146666666667
3104.399525982001,1929.3784
83.199977504,173.3632
28.79998823466667,72.87360000000001
831.999776,1823.1216
6.933331506666668,89.47760000000001
105.73330441933332,61.516
11.703998152000002,22.01866666666667
28.79998372266668,37.572
318.399957414,90.1752
21.59998928000001,90.69866666666668
50.26666133066666,167.77013333333332
294.5506960613333,55.924
308.5332734066667,458.5768
71.06665655333332,111.84746666666666
171.599975118,123.0328
83.199978976,0.0
8995.997578,67.1088
138.66664624,476.7506666666668
11.70399824,32.1536
11668.798290072002,8947.846933333334
176.79997395599997,665.4949333333333
31.21065956266668,100.1376
11.703996832,35.474133333333334
187.199952696,44.7392
10724.130689422,2583.6888
39.86665594866668,318.76559999999995
147.33331248,0.0
29.466658654,20.9696
129.9999539,89.4784
27.309327117333325,75.14586666666668
6.399999048,95.06906666666669
126.79331140666667,1269.4736
166.399935424,402.6528
8961.33094824,380.2832
56.56932482666667,178.95520000000002
119.599982888,167.772
109.19995724400002,69.90293333333332
70.19999003699999,109.0504
29.259993840000003,100.6632
448.9332383666666,1873.453066666667
228.799939104,447.392
193.115978088,335.544
10.3999978,95.0704
11.703997712,20.27093333333333
27.85713195,202.22257142857143
3795.199492392,620.7544
975.3331353333332,671.088
162.93330970800002,167.772
60.66665024,212.5112
261.7332671953333,218.1016
100.53330626666666,234.87920000000005
195.0666388,738.1952
117.03996968,0.0
278.9997985,290.8048
58.5199846,18.72285714285714
4584.664887463333,671.088
24.266660301333328,85.9808
317.95861168133337,782.9357333333332
15.599996699999998,109.0504
1463.99980419,1136.653333333333
3.4666661373333336,54.5232
161.19997613,257.2504
5.8519989,142.60479999999998
21.599991176,62.388
27.733325909333328,160.77946666666668
213.199970152,268.4352
213.19996924999995,156.58720000000002
5243.391172096,1767.1984
60.470650298666655,315.97013333333337
31.199991648,192.936
129.9999815,928.3384
4115.199449592,830.4696
20.799994872000003,61.34
155.99995914,89.4784
77.99996994,139.808
58.51998636,352.3192
10750.130501086664,671.088
126.79332107,327.15413333333333
3531.5980523880003,0.0
17.333328673333334,134.21679999999998
25.99999309,75.4952
1244.5250806853333,3221.224
267.2412609973333,1124.0717333333334
71.99999187,58.7176
31.199996688,190.14026666666663
612.5092274106668,1207.9584
27.733326058666663,43.5144
284.79726695200003,608.1725333333334
310.2665831333333,3439.3269333333333
155.99996430000002,0.0
157.7332920193333,167.772
149.0666325533333,111.848
362.266526776,782.936
95.33331958333332,173.36293333333333
29.466658824,13.98
52.66799168399999,234.8808
259.4386025606666,0.0
133.46663206800002,67.1088
20.799994432,195.73226666666665
1298.2664729253331,3221.224533333333
152.151960584,301.9896
31.199991324000003,267.0354666666667
1.9506663733333327,53.12613333333333
57.19997731800001,195.7328
140.39996203799998,89.4784
14858.129355925334,3732.9288
51.999979380000006,480.9464
57.19998460000001,536.8696
176.79995253599998,531.2773333333334
11.703997624,20.2696
25.19998970533333,66.93173333333334
119.99998215,41.9408
31.199991516,20.62053333333333
71.06664791600001,0.0
21347.73020506934,3732.9288
148.25063292266665,33.5544
206.26661454466665,33.5544
83.19997763199999,139.80933333333337
29.25999516,25.1648
107.46663835333332,0.0
29.25999538,0.0
117.86663511466664,27.96133333333333
23.407994672,45.6112
31.199991648,138.41039999999998
211.4665838693333,324.35733333333326
83.19997788799998,176.1576
29.2599923,171.9648
146.29996210000002,89.4784
31.199995212,218.1024
4846.39872316,10580.829066666667
103.99997372,39.84346666666666
181.999951,0.0
1391.8661313333332,2801.7925333333333
192.399975284,212.5112
107.46665079466663,111.84666666666668
4020.799462218,1728.0504
7508.798001504,1879.0464
25.99999602,173.364
3.9013327466666654,0.0
48.76665896666666,766.1576
7.802665493333333,37.57253333333333
93.599974656,0.0
21210.796989698,3830.796266666666
3994.197742537333,0.0
93.599974944,318.76559999999995
103.99998664,296.3957333333333
21351.194317296,4459.941066666666
16360.928978808,4040.5112
31.21065956266668,54.0
25.99999636,33.552
188.933305938,83.88560000000001
77.99998875,83.884
58.51998988,251.6568
8654.532065111332,1107.2952
10107.062763784,7739.887466666668
48.533321368,11.8824
56.56932440133333,869.6173333333335
175.06664141666667,100.6632
134.595978748,794.12
1.7333329366666663,27.96
25.99998982,25.164
367.466613808,603.9792
29.25999516,41.94
117.0399824,33.5544
103.99998464,173.36293333333333
29.25999538,33.5544
3.9013327466666654,74.09706666666668
3131.9976649200007,0.0
27.309327117333325,55.921866666666666
752.2664641333333,3260.3704
4213.798278584666,212.5112
17.555996039999997,197.1304
213.199944076,67.1088
7668.068648753332,559.24
516.5332570453334,514.5008
57.19998493000001,0.0
29.25999538,8.388
11.703997712,27.6112
11.70399736,61.689333333333344
3832.197886612666,0.0
21682.263464362662,4563.400533333333
51.9999863,83.884
107.99998576,310.3768
948.023814996,659.9032
360.5332373760001,581.6096
77.99997923999999,123.0328
86.399990244,33.551199999999994
86.66665439999998,83.88560000000001
2679.733242634667,3321.8864
77.99998851000002,54.5232
1468.8517791200004,0.0
87.77997690000002,405.44746666666674
681.199758436,1115.6837333333333
212.622636292,727.0111999999999
25.99999603,106.25386666666668
25.99999302,57.319466666666685
181.411974084,850.0434666666666
77.99996946,34.25066666666667
64.133324182,74.6216
11.703998152000002,36.3488
911.7331983266664,850.0448
19.066663902,39.844800000000006
146.29996210000002,100.6632
13844.131411128668,5614.7744
21.59998928000001,71.30239999999999
161.199956848,436.2072
197.599974616,145.4024
7643.99793318,12303.2896
19019.863835632663,5005.201333333333
435.0666204826666,1146.4408
27.30932437333333,109.5744
25.99999631,95.06933333333332
31.199991324000003,1297.4368
21462.125045648,4641.695733333333
20.799994472,0.0
25.99999304,48.93066666666666
77.99998878,117.4392
27.309327117333325,92.09786666666668
103.99997336,184.5488
103.9999762,0.0
10755.328840913333,5961.502133333333
5858.665247066666,7191.831466666667
8995.99864368,190.1416
24.26666354933333,226.4904
31.199987892,520.0922666666665
150.20131880600002,134.2176
1925.7325860006663,2717.9064
224.32660449,67.1088
77.99998803,123.03146666666665
246.1332711373333,1235.9194666666665
5375.065211264,11844.712266666667
24.266662942666663,198.5296
129.999961,268.4352
3.9013327466666654,0.0
76.075985128,229.28586666666672
143.86662638400003,134.2176
157.73331058333332,22.3696
21652.797701472,5620.366400000001
91.68131747866668,464.16826666666657
176.799951516,201.3264
134.595986982,367.6989333333333
109.19996724,100.6632
5.1999992520000005,41.940533333333335
563.3331801499999,0.0
17.333330680000003,110.44853333333334
1029.951837376,1487.5784
9.599998572,58.7184
244.39993561000003,503.316
23.407997736,31.4552
230.53327259666668,89.4784
155.99998344,303.3866666666668
102.266627176,0.0
135.19996495200002,167.772
138.66662954666668,125.8272
44.865322876,145.40186666666668
55.46665841066668,72.70026666666666
157.73331058333332,134.2176
24.266660301333328,43.16373333333333
3.9013325706666655,28.833066666666667
132.6453103946667,226.4912
21902.394389616,4222.264
146.30001460000005,201.3264
11.703997272000002,50.3304
52.667994024,51.3784
109.19998425,346.7277333333333
5953.99841532,754.9736
11.142854044285713,13.854857142857144
192.399971584,855.636
51.999986,290.80453333333327
4447.519331200001,6543.112
157.73327739866664,178.9568
20463.725431184,4026.5296
269.192026864,190.1416
3050.8420473226665,1319.8064
183.3626300693334,145.4024
27.309330692,112.7208
827.0825422933334,1174.404
2303.737004228,4227.8568
14972.529388646668,4093.6376
169.70794432,301.98906666666664
25.99998991,58.71866666666666
25.99999626,36.34826666666667
251.3332356033333,148.1968
190.6666230333333,167.772
5.199999258,39.14586666666667
161.19993744200002,100.6632
95.33331049,0.0
190.66663748,67.1088
644.7998454960001,1224.7343999999998
71.06664764266665,0.0
143.86663031266667,246.0656
1348.532977009333,2695.5368
11.703998064,45.26186666666667
23.407995072,206.91706666666667
421.343933472,2270.5138666666667
15.605329813333332,188.7416
4.799999358,67.1064
695.9999214100002,355.11626666666666
29.25999717,111.32186666666668
11.703997975999998,26.212
122.891980596,67.1088
166.39997536,100.6632
1201.599839286,1656.7485333333334
29.259995600000003,38.44613333333333
3159.99952995,1129.6648
10269.9985385,7292.494933333333
109.199972028,22.3696
154.26662459933334,134.2176
103.99997236,973.0768
21278.396963736,9535.050133333332
11.703997975999998,36.17413333333333
74.53331326666667,67.108
1079.99985555,366.3002666666667
64.133323886,265.63733333333323
118.990646984,123.0328
21370.258192534,4362.0741333333335
23.407997736,115.8648
161.19995672400003,123.0328
233.99993862,0.0
32.933328304666674,92.2728
25.99999297,55.924
155.99995800000002,134.2176
21079.063577772667,3523.2128
152.15195673600002,0.0
21.599997152,61.86426666666668
64.371989836,53.8248
5.199999448,25.164
29.466655208666666,123.0328
99.483982796,503.3144
97.53331793333332,281.01653333333326
25.99999309,65.70826666666666
206.770637128,659.9021333333333
9592.265305302666,2550.136
21342.527710396665,12034.853333333336
10642.664415333336,7191.830400000001
79.73332309066669,78.29253333333334
24.266657295999995,65.5344
4676.532067071999,11156.847466666666
31.199991720000003,506.1109333333335
58.51999120000001,0.0
1782.9088507413337,2483.0261333333333
1599.546305866667,2650.7976
71.06664720533333,268.4352
25.99999626,256.9
162.93331052266666,234.8808
77.99998485,0.0
21.457329945333328,30.232266666666668
153.599982656,447.3912
69.33332597333334,514.4992
10833.330320833333,1688.9048
71.06664846266665,0.0
651.5225637946668,246.0656
383.066611564,514.5008
31.210663648,99.088
3.4666657453333327,42.46586666666667
189.214639636,285.21146666666675
1256.3997691946663,0.0
79.73331251066665,62.91306666666666
7.802665141333332,31.1048
187.199949888,33.5544
11.70399824,66.93226666666666
592.799915184,805.3056
3167.8821188373336,111.84613333333331
3680.997969996666,0.0
25.99999602,145.40186666666668
2750.398634986667,0.0
1247.9996678399998,1164.6157333333333
194.13328890666665,134.2176
20.799994408,64.13706666666666
21002.794377712,10164.194666666666
31.21065956266668,58.3688
185.46659454866668,111.848
24.266657295999995,58.1944
221.86660727466668,419.4296
77.99998839,89.47653333333334
161.19995659999998,44.7392
122.891968164,0.0
83.19998384,83.88560000000001
35.11199076,132.1184
1283.199828372,1530.9192
148.79998319799998,960.4938666666668
88.39998697799999,54.5232
28.799996148,265.63786666666664
146.29998585,67.1088
1.7333330686666668,16.776799999999998
84.93332078933334,206.9176
10.399995984,227.8888
32.933324517333325,100.6616
180.2666435093333,234.8808
20.79999448,63.08666666666666
21.599987792,36.1744
24.266663008,492.1304
25.999993,83.884
7624.931485753333,894.784
124.19997718399998,67.1088
856.3425185773334,1442.8392
237.9812859973333,0.0
34.66666166666667,192.9357333333333
272.13322751533343,754.9722666666668
95.399928874,0.0
155.99995854,67.1088
135.19996360000002,78.29360000000001
132.6453123893333,693.4568
171.59995439399998,257.2504
11.703998152000002,40.716800000000006
67.599971764,176.15893333333332
232.26660547333333,134.2176
10.399997236,30.05733333333333
158.00397742799998,173.36373333333336
31.199987868,114.64293333333332
233.99994006,644.5226666666665
239.199937256,301.9896
3040.2658481333333,1107.2952
113.13864965333336,251.6576
140.39996274,223.696
343.199866812,0.0
265.199932986,218.1008
146.2999791,272.628
3.4666662986666665,29.357866666666663
228.799970608,447.392
36.399990564,89.47706666666669
2753.9986332,0.0
2319.342335332,4384.445066666666
152.15195845200003,111.848
77.99998077000002,167.7696
8673.597571392002,4390.0368
21380.664397026667,3830.796533333333
79.73331174399999,402.6528
156.05329008,301.9896
53.733310889333325,218.10186666666667
3185.4378283933333,83.18453333333333
247.73461078666668,1207.9568000000002
57.19998460000001,117.4392
57.19998691000001,385.87413333333336
247.73462382533336,754.9728
7.802665434666668,29.8832
3.466665873333333,67.10719999999999
105.73330490733332,1001.0384
169.70797448000005,173.3624
51.99998,425.0213333333333
807.5758603440001,816.4904
5.851998856,149.59626666666662
177.51063997333335,206.9176
2171.866089451333,1275.0672
31.199996688,240.4728
31.199987592000003,67.1088
3260.399118438,581.6096
77.99998869000002,0.0
204.81995912,145.4024
77.99998869000002,134.216
1171.199867752,1778.3832
31.210663648,45.086400000000005
135.199962976,111.848
4.799999358,97.86533333333333
113.13864965333336,100.6616
34.666657533333336,310.37626666666665
128.266631936,167.77013333333332
154.26662602333334,33.5544
23.407997736,105.0312
165.80662371333332,301.9896
11.703998152000002,54.52373333333333
27.309330692,120.75866666666668
192.3999593,1124.0712
16334.928985728,4152.36
8869.463193929336,715.8272
6544.485387293335,548.0551999999999
9.753331866666668,0.0
25.99999602,173.36426666666662
188.9332855913333,89.4784
19915.99473758,3825.2024
4825.7965147,0.0
8959.596447174,961.8928
1392.7756039679998,1118.48
14778.396100776,3713.3538666666655
452.39987819999993,10.484
362.823896584,626.3488000000001
1.9506662773333328,33.5536
81.466644984,139.808
273.8666905773333,0.0
57.199991244,234.88
155.99997606,525.6856
176.79997728799998,201.3264
2297.599692696,195.7333333333333
77.99997942,0.0
187.1999070933333,0.0
23.407997736,30.9304
133.4666475706667,178.9568
79.73331198933333,134.2176
20.799991856,58.19413333333332
12.53999736,29.95742857142857
117.03998064,55.924
157.733292444,33.5544
15.599995836,92.2728
2515.199715992,0.0
11.199998334000002,276.8224
21131.06097753333,4250.2256
25.19998970533333,63.08746666666668
51.99998554,564.8312
181.99992923,33.5544
204.81994407,268.4352
11920.13151322067,3746.909333333334
3263.464818049334,973.076
36.399996136,296.3962666666667
129.999961,167.772
43.33332181666666,167.7704
10476.265175813332,1733.644
16038.529064616,4194.3024
25.99999602,234.88
227.0666085026667,612.3664
113.138647952,137.01173333333335
701.9998965899998,900.3757333333333
11.703997975999998,53.47466666666666
1693.1782083626667,2617.2448
103.99997188,111.848
24.266660217333325,297.7936
120.94131514666664,111.84693333333333
129.99996575,89.4784
32.933324416,81.08773333333333
195.86661423466663,150.99439999999998
71.06663922399999,520.0917333333333
11.703998064,0.0
12213.061950544,18958.252
236.0306258493333,441.79893333333337
25.99998982,75.496
21.599991176,63.436800000000005
682.9332608373333,4328.519200000001
58.51998636,113.2448
3216.648825441333,1409.284
54.61865845333333,171.96506666666667
21195.191595288004,7969.177066666666
98.799972944,0.0
51.999986,430.6138666666666
25.999989690000003,212.5096
129.99996545,0.0
130.694654026,794.1208
29.259993840000003,67.1088
10.399997336000002,131.42026666666663
3577.5221286933333,2181.036
20931.725137754667,6039.796266666667
31.199991708,258.64666666666665
51.999986,190.1416
7.802664613333333,63.4376
12.53999802,41.191428571428574
10.399997236,100.6616
16898.262175627333,4697.6184
731.4665119333334,2731.887733333333
11.703997975999998,62.21253333333332
7.999998810000001,50.3304
7.802665023999999,123.03173333333336
129.99996505,0.0
923.8665298633334,1029.0016
152.53329173866666,0.0
276.9946352373333,167.772
103.99997372,37.3976
8917.99808949,391.468
25.99999309,933.929866666667
25.99999359,62.912
458.99993948,0.0
7.802665376,61.3408
11.703998152000002,36.1736
204.81996003,234.8808
77.99998485,111.84746666666666
146.29997690000002,166.37253333333334
207.99997,100.6632
20.799994416000004,33.727466666666665
23.407994672,77.94213333333332
152.53329250133336,0.0
122.891975472,178.9568
140.39996301000002,100.6632
10795.198389024,369.0984
25.99999308,61.51386666666669
155.9999775,0.0
651.1999129019999,469.7608
48.533320248,282.4152
77.99998805999998,12.5808
83.19997788799998,268.43386666666663
2624.266299269333,1677.7192
6.933331557333332,67.108
31.210663648,29.8824
36.399990102,10.8336
107.99998576,391.4669333333334
9001.1975766,369.0984
77.99998869000002,67.1088
83.199978976,16.776799999999998
9.599998716,125.828
2220.799749234667,505.3789333333335
69.33331477333334,67.1088
2401.2702875186665,3003.12
2963.9998996800005,2673.1672000000003
1790.7115152960005,2634.0216
44.865326249333336,178.956
187.19994758400003,33.5544
29.46665890333333,306.18240000000003
310.2666064033333,525.6856
3.9013323066666654,14.153066666666668
105.73331710733332,150.9936
32.933325796666665,732.604
69.33332370666668,0.0
9.599998572,100.66053333333332
949.9744738146668,883.5992
20.799994544,45.262666666666654
24.266660152,50.15466666666666
27.309327117333325,51.3776
16449.326810540002,13729.3544
686.6345479253332,1677.7192
20.799994416000004,30.93066666666667
135.199964536,67.1088
103.99998464,0.0
25.999992820000006,37.7456
103.99997416,905.9672
7.802665434666668,42.9896
150.799977728,234.8808
27.733325888000003,35.300533333333334
36.399985748,194.3341333333333
29.25999494,0.0
187.199950248,201.3264
21768.930009384672,4809.465866666666
77.99997900000001,184.54746666666668
220.13330251466667,268.4352
230.178644404,3355.44
5077.796332700002,0.0
6016.399102168,391.468
97.066643408,268.43440000000004
32.93332459333333,156.58613333333332
3189.3391607,39.844
15.599995824,145.4016
29.25999494,30.756
233.99996661,134.2176
136.54663997333336,452.9818666666666
29.466655129333333,209.71386666666663
27.309327117333325,76.544
29.25999538,5.592
28.79998372266668,44.03813333333333
9015.065335210667,11911.8216
11.703997975999998,60.64026666666668
60.470650298666655,296.3954666666667
232.129288034,1029.0016
190.66661643333336,0.0
3990.1322544626655,11676.941066666664
5388.931957082666,2248.1448
77.99997864,44.7392
21.457328816,110.44853333333334
29.25999318,16.776
164.66662246000004,22.3696
77.99998805999998,16.776
52.66799168399999,301.9888
81.71427320571428,209.7137142857143
100.53330642133332,0.0
77.99997906,123.03173333333336
86.66664446666665,201.3256
23.407994672,76.19439999999999
29.259995600000003,33.552
90.13330951733332,0.0
3400.0114631560004,3562.3592000000003
237.9812859973333,0.0
25.99999309,106.2536
79.73331211200002,41.9424
299.8665502953333,0.0
197.0173022253333,337.63973333333325
660.399821946,0.0
10777.863806386667,3064.6370666666667
10.3999972,31.10613333333333
187.19995032000003,33.5544
3142.797656868001,0.0
60.66665007666666,192.9357333333333
11.703997712,134.216
247.866631298,0.0
31.199986968,380.2832
140.39998148799998,89.4784
9.599998572,50.33013333333333
1187.955767768,866.8205333333333
98.799975452,419.42933333333326
33.161327598666674,134.21679999999998
147.33329298666663,394.2618666666666
358.799947008,2080.3728
9042.798688794,4725.581066666667
135.199985648,200.62666666666664
90.13330868533336,162.17839999999998
29.466655129333333,148.1968
7.802665434666668,134.21679999999998
62.39998356,128.62506666666667
28.79998823466667,59.94133333333334
175.55996496,22.3696
31.199991648,173.36266666666663
255.5373043386667,0.0
117.0399692,170.5669333333333
25.99999304,150.9936
714.133139144,380.2824
146.29997580000003,377.4858666666666
25.19998970533333,72.3504
1164.547772344,671.0871999999999
183.7332845733333,111.848
21508.93004908468,4739.562666666667
129.9999655,55.924
155.99995890000002,145.4024
3.901332512,109.0504
19.066661782666664,117.43893333333332
155.99995823999996,0.0
20579.861228832666,8081.024
25.99999336,39.1464
234.07993608,156.58720000000002
86.66665343333334,83.8848
20.799996936000003,59.24266666666666
2699.721935914667,4764.726666666667
103.999972,1191.1808
62.39998356,123.03253333333336
176.799953624,234.8808
36.39999167,536.8696
21623.3302728,4138.377866666666
64.37199080399999,343.9312
5227.1962248,0.0
21423.99174352,4054.492533333333
27.73332933333333,35.650400000000005
823.1811695973332,559.24
1.733332872,117.44
1.9506662853333328,65.53386666666668
77.99997911999998,58.7184
51.99998,352.32106666666664
84.93331108733335,363.50506666666666
77.99998875,178.956
233.99996661,0.0
58.51999120000001,301.98906666666664
88.3999813,0.0
9.599998572,131.42053333333334
161.19993731800002,100.6632
76.07598856,0.0
257.3998141,0.0
4593.332679666667,1923.7856
5.85199912,0.0
11.70399824,53.4752
24.266657295999995,43.8632
136.54663484,331.3474666666667
52.66798970399999,229.28586666666672
187.263963392,447.392
155.99999472000005,234.8808
116.133302424,218.1024
79.733321128,150.9936
11.703998152000002,103.80666666666669
10.399997336000002,75.4952
6739.198206336,2181.036
25.99999318,144.00346666666667
155.9999775,33.5544
157.73331058333332,67.1088
161.19995722000004,33.5544
11.70399692,33.3776
102.26663948733332,489.33333333333326
369.199946892,637.5336
168.13328864866662,33.5544
77.99997927,92.27253333333334
410.7998413680001,648.7184
218.399940108,100.6632
1106.02783368,1414.876
25.99999601,838.8592
164.66660333333334,2415.9168
29.25999318,16.776799999999998
25.999993,8.388
29.25999538,0.0
77.99997927,47.53253333333333
158.003959068,402.6528
29.259995600000003,39.145066666666665
51.9999862,111.848
149.06663771333334,0.0
5252.3962066,0.0
19.066664642666662,156.58506666666668
181.411950462,346.7288
199.33327867,0.0
149.0666265333333,89.4784
3.9013327173333336,34.077333333333335
51.999986,134.2176
5886.399101192,402.6528
27.309327117333325,80.21386666666669
78.02665317333334,362.1061333333333
21403.196715432,7032.448533333332
88.399964946,150.99413333333334
35.111996016,64.31013333333331
77.99996967000001,83.8848
25.99998982,162.17786666666666
56.56932440133333,156.58720000000002
55.46665493333333,1124.0714666666663
25.99999309,83.884
140.399979102,8402.588266666668
358.9225643626666,268.4352
179.46129285333333,1269.4736
83.199978976,61.514933333333325
19.506663,239.0736
191.165301712,167.7706666666666
495.733260308,727.0104
20.799996936000003,63.436
133.46663843333334,67.1088
391.733273368,385.8752
154.26662667600002,100.6632
25.99999602,167.77173333333337
7.8026650826666675,26.7368
89.73065182399998,427.8168
75.199988814,425.0221333333334
140.399962416,123.0328
169.86662152133331,100.6632
837.1999111279998,1660.9408
89.73064277733333,201.3264
24.266657295999995,38.270933333333325
316.799964228,427.81626666666665
109.199984418,324.3592
109.199984418,44.7392
120.94131423733332,145.4024
155.9999775,0.0
103.9999798,710.2338666666667
8292.264437322667,23655.87333333333
145.59996102399998,212.5112
292.93325446666665,1297.4354666666666
236.030620606,178.9568
154.26662833733334,615.1629333333333
179.461284328,246.0656
202.86930282666668,615.1626666666665
265.290604832,1733.6432
103.99997372,36.6992
28.79998823466667,64.31013333333331
253.0666027186667,178.95573333333337
126.5332991206667,223.696
135.19997935600003,156.58720000000002
75.199989942,8.388
15.599995733999998,58.71813333333332
50.266653056,419.4288
20231.458854208,4837.429333333333
154.26663403333333,145.4024
76.26664613333331,654.3095999999999
251.33326711666663,78.29360000000001
83.199967648,184.548
27.73332254933333,272.628
346.6665733333333,1140.8496
239.931952276,0.0
19.506664453333336,51.02906666666666
136.9333129513333,0.0
3345.3927045,3523.212
77.99998803,111.84693333333333
8995.99904504,201.3264
257.487945792,425.0208
157.73331143266668,167.772
3041.99880894,637.5336
159.46664311466668,3154.1144
103.99997236,117.4392
77.99997923999999,33.5544
50.266653404,156.58533333333338
8212.532151992,9160.357866666667
20.799996936000003,41.2424
5.851998636000001,156.58533333333338
79.73331266400001,117.4392
159.4666242853333,55.924
29.2599923,33.5544
6409.889606384,1040.1864
23.399982554000005,60.816
3.466665933333333,139.8088
135.19996583600002,0.0
4028.265665797333,1879.0464
103.99998464,240.47226666666663
159.46662397866666,33.5544
4949.996424999998,0.0
25.19998749333333,57.6704
8224.665793586666,1599.4263999999998
77.99997911999998,83.884
190.66661643333336,100.6632
83.19997504000001,0.0
4.799999358,114.64293333333332
81.46664501533333,176.1584
154.10261610666666,301.9888
22.53333043866668,241.8690666666667
192.399925186,687.8634666666667
150.201311876,383.07813333333337
93.599974152,111.84746666666666
27.73332247466666,198.5293333333333
1398.599743072,626.3488000000001
161.90530101866668,134.2176
36.399990676,234.87920000000005
532.799602768,268.4352
9656.398584966,4473.9232
220.133272966,167.772
87.78000876,128.62373333333338
1295.99985366,838.8274666666666
143.86662937200003,234.8808
927.3329702466668,167.772
294.66660354,1509.948
128.2666484626667,288.0069333333333
1899.1997855486663,562.6904000000001
57.19998493000001,16.776799999999998
25.99999608000001,58.7176
135.19994799999998,290.804
21883.32870416667,4473.9216
77.99998131000002,67.1088
159.46662489866668,268.4352
57.1999879,22.369066666666665
83.199987712,145.40053333333333
53.73331917666666,44.73813333333333
31.199991708,197.13013333333333
31.210663648,38.272
483.7652496746666,271.2298666666666
79.97732190799998,355.1168
2135.9795824400007,0.0
105.73331771733332,0.0
263.46659482133333,659.9032
161.90530898666668,162.17786666666666
117.866621152,100.6632
20203.730473728,3713.3538666666655
22.533330014,34.07706666666667
29.25999538,198.52826666666664
149.06662659066666,22.3696
280.79979720000006,268.4352
10.399997108,25.1656
29.25999428,0.0
129.59998266600002,347.42666666666673
71.99999036999998,0.0
178.53328588466667,201.3264
77.99998805999998,4.1936
161.199976192,659.9021333333333
21564.396947808,4272.595733333334
3.901332956,19.92
23.407997736,25.688
138.49730630599998,201.3264
21347.72759407733,9590.9728
190.66663740666667,223.696
23.99999729,0.0
228.227951952,631.94
230.53327259666668,0.0
176.7999524,111.848
11.703997272000002,138.41039999999998
36.399994904,100.6608
10044.665194736668,603.9792
97.066628176,0.0
20.79999596,31.97946666666667
202.869277936,0.0
5.851998856,178.95573333333337
292.5999429,33.5544
2329.095667272,4149.562933333333
7.802665493333333,15.202666666666664
15.599995824,99.26346666666666
103.9999724,167.772
76.26664669066666,0.0
185.466614736,279.62
20741.06125005733,4294.9656
163.855972896,749.38
155.99995908,111.848
9.599998572,134.216
149.06664390533334,11.1848
21342.527661144664,4334.112266666667
21.599997152,75.49653333333335
93.599974548,59.417066666666656
29.46666566933333,90.33661538461538
103.999972,346.7288
100.53330626666666,190.1416
29.466658846666668,426.41893333333337
20708.125336808,3677.004
181.41201810400003,234.8808
101.43464912533337,234.8797333333333
25.99999302,71.30080000000001
3478.399534764,960.4938666666668
32.933320438666655,257.2488
25.99999631,106.25413333333331
8859.065392324,637.5336
76.07598684400001,486.53786666666656
103.9999724,37.748
35.74999084250001,47.183
11.703998152000002,45.78533333333334
181.99995114,100.6632
121.33328648,41.9424
5.851998856,156.58533333333338
38.13332312533333,58.7184
159.95463545200002,369.0984
97.0666408693333,469.7608
3200.398692577333,0.0
83.199978976,223.6957333333333
157.73329092733331,111.848
155.19998247533331,304.784
25.99999617,34.076800000000006
20694.258675496,3942.6432
21.599991176,65.35973333333332
21917.99438562,4362.074666666667
29.259993400000003,142.6056
120.941305144,432.0125333333333
7.802665141333332,22.71653333333333
360.5332362666666,1308.6208
8862.398999287334,8120.1704
3083.599544576,2169.8512
35.111994192,95.06906666666669
157.733292444,55.924
24.266663092,54.6992
10365.32921112,1968.5248
1.950666344,0.0
11.703997536,33.72773333333333
181.999951,100.6632
57.19999155200001,0.0
77.99998869000002,0.0
28.799978528,57.84506666666666
3125.1991537920007,1845.492
86.66664359999999,201.3264
168.1332679553333,100.6632
25.99999631,46.1344
56.56932440133333,167.772
39.866655872,50.32986666666667
72.799989388,0.0
38.133329285333325,394.2632
57.199986294000006,50.3304
27.733325909333328,202.72266666666664
223.599912452,321.5618666666666
27.309330692,35.475199999999994
19.066661724,141.20693333333332
192.39994834800004,134.2176
81.59999078599998,159.38133333333337
29.25999538,182.4504
1.733332962,55.921333333333344
146.29998585,381.6784
102.266639448,41.9424
797.3331174399998,1062.556
225.33327396666664,0.0
77.99997911999998,0.0
5147.996282000001,0.0
1.9506663733333327,16.250666666666664
526.67990892,246.0634666666668
164.66662353666666,190.1416
25.99999293,10.484266666666668
25.99999297,0.0
1819.9997207,17616.075733333335
135.199947428,67.1088
72.17465255733333,162.17786666666666
25.99999293,18.172266666666665
183.7333061973333,738.1968
745.3330466666665,1834.3072
21365.060922750665,3489.6586666666662
102.26665191666665,50.3304
148.25063768533334,364.9024
31.21065956266668,78.81653333333334
29.25999582,177.55706666666669
25.99999309,37.7456
198.96797008,503.3152
103.99995992,0.0
6213.99834612,2852.124
150.2013033546667,503.316
29.259995600000003,38.4456
185.31329717,167.772
51.99998592,22.368
31.21065956266668,89.65173333333334
23.407997736,67.45733333333331
21803.596662372,4795.486400000001
267.241307486,0.0
150.799958646,100.6632
135.19998122799998,0.0
8326.931081858664,3075.820533333333
21755.060851369995,9171.5432
4425.198810301999,3690.9864
140.44796831999997,111.84666666666668
5.199998601999999,41.94
32.933328292,176.15893333333332
5.851999076000001,24.81466666666667
88.399977084,117.4384
15.599995824,162.17813333333334
29.25999538,0.0
25.99999304,153.79066666666662
15.599996004,125.828
214.933274888,1247.1037333333334
159.46664618133337,201.3264
266.9333566386667,0.0
2210.1047517266666,5223.304
17.555997228,173.36373333333336
269.191946456,0.0
6.933331477333334,62.912
265.599964476,315.96986666666663
87.77998614,408.2429333333333
6796.398172813999,8835.999199999998
25.99999602,206.9176
910.7996279213334,0.0
331.06653704133333,492.13066666666674
22.98999777642857,35.19971428571428
23.99999679,90.87466666666668
21618.127280256,4669.657866666666
102.26663913333331,413.83706666666666
77.99998485,195.73306666666667
25.358664214,43.5136
159.95462522933332,201.3264
103.99997284,587.2016
23.407994672,85.80613333333332
25.99999308,178.95493333333332
161.19997532399998,117.4392
6787.732367386668,1845.4928
109.199972406,1096.109333333333
146.2999708,178.9568
204.53328652666667,167.772
661.275895588,369.0984
25.999992820000006,62.912
518.3996135040001,0.0
23.407997736,116.3904
117.866637608,464.1677333333333
74.53330460933334,100.6616
10718.930435098666,8053.062133333334
51.99998608,661.3005333333333
77.99998839,89.47653333333334
21.599983896000005,54.17466666666666
187.263962624,167.772
147.33329961666664,33.5544
157.7333092486667,55.924
7.802665434666668,16.2504
21299.196854272,3984.586666666666
77.99997906,22.369066666666665
237.4666043773333,391.468
77.99998851000002,58.7176
129.99998015,123.0328
155.99993934000003,201.3264
21.599997152,35.3
528.6305871733333,313.17440000000005
60.66664261000001,1230.328
193.115978088,257.2504
646.5331040626667,939.5232
149.06664522399998,503.316
5.199999262,0.0
4459.223295912,2773.8304
58.51999032,100.6616
142.13331239599998,253.05413333333328
10.399997236,38.2712
146.29997690000002,183.1488
23.407997736,94.19573333333334
45.066654602666674,44.73813333333333
121.33330342,352.3192
22200.531422800665,2236.96
113.1386454,134.21679999999998
225.3333000533333,637.5328000000001
135.19995944,234.8808
159.95463545200002,100.6632
12.133330071333331,219.5
140.3999622,67.1088
45.066655157333344,55.92373333333333
20.799994408,32.67946666666667
20.799991968,61.51413333333332
175.066641282,156.58720000000002
12.133330071333331,260.0448
854.3999035240001,1610.6112
74.533313496,83.88560000000001
577.3972421653334,819.2845333333333
25.999993,704.6424000000001
22.533330066000005,130.0224
25.99999724,271.2298666666666
169.86662152133331,0.0
10517.863834933334,4932.498933333333
3691.99920906,1577.0568
77.99996994,212.51066666666665
255.53729490666672,2169.851466666667
179.4613512426667,178.9568
5.8519987680000005,167.7704
100.53330758133332,218.1024
181.411958708,145.4024
630.3999288173334,843.0530666666667
146.29995945000005,111.848
157.73329141266663,0.0
226.277271544,402.6528
117.8666486693333,184.5488
102.399984768,212.5112
123.06663523733332,265.63706666666667
5032.71860508,1029.0016
239.19993698,0.0
83.199977504,72.69946666666667
69.33330661333335,933.9301333333332
16676.393470548,3481.272
109.199971692,178.9568
117.03998868,917.1536
27.73332602666667,244.66533333333328
19.506663586666672,195.7309333333333
11.70399824,51.37813333333333
201.06661330666668,167.772
161.19993744200002,33.5544
220.133300906,771.7504
272.13335709266664,44.7392
2768.132583808,2726.295733333333
103.99998476,184.54853333333327
21831.329983063333,4683.638400000001
79.73332183333333,39.146666666666654
21633.73026300733,4893.3536
261.7333055493333,167.772
207.99997088,0.0
77.99997846000002,0.0
91.86663910666668,307.5805333333333
1965.599477604,4026.5296
25.99999601,659.9026666666665
180.26661938133336,0.0
25.99999304,25.164
429.1466021333334,2670.371733333333
175.99998012666669,360.7090666666667
5643.731805184,13186.8896
20557.327861920006,4068.473333333334
149.0666265333333,167.772
890.9330173946664,671.088
146.29997690000002,188.7416
51.999986,212.5096
21.599997152,29.184
308.533287884,532.6744
3997.065126258667,1940.562133333333
201.066611528,301.9896
146.29996699999998,128.62426666666664
53.73332568666666,4552.215733333333
146.29998585,145.4024
24.266660170666665,177.55679999999998
268.6665943333333,1135.256
27.73332596266665,335.54240000000004
74.53332246866667,83.88560000000001
97.533315,178.9568
25.99999304,427.8168
367.466613808,1006.632
180.2666181333333,67.1088
27.733326058666663,91.7472
4451.199351152,782.936
154.266643052,67.1088
315.466599084,2348.8088
171.19998066866668,30.756
150.79994020200002,0.0
3.4666657453333327,134.216
364.7745695513332,676.68
192.39994931,0.0
95.33330733666668,290.8048
10.399998516,67.108
441.9999364199999,514.5008
9246.1575668,1185.5888
107.4666376093333,117.44
530.581209664,486.53786666666656
57.19998534800001,61.5152
29.259995600000003,192.93626666666665
51.99997964,117.4392
128.74397069600002,201.3264
292.93326314200004,190.14026666666663
146.29995945000005,123.0328
11.703997712,66.05839999999999
29.466662167333325,162.17893333333333
103.999972,425.0224
77.99997660000002,0.0
10.3999972,50.3296
23.407997736,109.2256
311.9999540400001,515.8976
107.199984054,290.8032
36.3999923,106.25413333333331
25.99998982,170.5664
32.93331957733333,827.6746666666666
156.05330282666668,1358.9528
161.19995659999998,22.3696
5771.99856588,11900.636533333332
41.599993616,799.7125333333333
3.901332453333333,61.514933333333325
143.86662876333338,33.5544
95.33331980333334,125.8272
84.93331036866668,218.1016
86.66664293333334,0.0
2838.5985912133337,0.0
29.259995600000003,23.965714285714288
187.199971272,134.2176
198.3999775973333,816.4893333333334
27.733326058666663,76.1952
10.39999726,53.12506666666666
8.666665453333335,138.41039999999998
8911.064229832666,1761.606133333333
208.72127683733336,710.2330666666668
169.86662152133331,100.6632
55.46665841066668,167.772
103.99997416,503.3144
21727.32753380667,4641.6952
3433.732426035333,872.4144
34.66665778666668,156.5864
655.4238275199998,290.8048
175.56001752,67.1088
197.599974616,78.29360000000001
6798.132368521334,4879.372
25.99998996,65.70826666666666
29.25999538,55.924
25.99998996,46.1344
206.26661113333333,436.2072
155.9999775,134.2176
218.399940948,659.9018666666667
77.99997923999999,27.9616
180.2665965706667,178.9568
138.66663002666667,0.0
329.6626096573333,810.8970666666668
140.399985096,69.904
21637.194207888,4160.7472
204.5333046986666,134.2176
144.349293916,0.0
7013.064800112001,2169.8512
1225.4665365786666,2684.352
55.46665192533332,329.9504
255.5373043386667,838.86
77.99997902999998,50.3312
136.79998196266666,44.7392
471.59993781866666,0.0
152.15196963200003,290.8048
29.25999516,109.0504
4494.532460356667,1266.677333333333
21.599983896000005,55.9216
10.3999972,97.86533333333333
255.5372701913333,0.0
35.111993136,111.84666666666668
36.399994834,44.73626666666667
58.51998636,542.4616
25.99999293,17.474133333333334
109.19996724,301.9896
25.99998982,100.66133333333332
83.19997702400002,0.0
71.06665630733332,0.0
74.12532218666666,55.57333333333335
15.599995836,78.29226666666666
50.26665918466667,134.21679999999998
20942.13021617733,4445.960533333333
140.39996301000002,0.0
77.99997864,0.0
51.99998,408.24426666666665
122.891968164,67.1088
308.20528003466666,2153.0752
282.84663457333335,33.5544
20.799996928,50.3312
42.914659890666655,385.8744
7.802665493333333,17.125066666666665
21860.794223704,9143.581066666666
5891.598404736,12985.564
190.66663843333336,145.4024
11.703997975999998,48.58186666666667
11.70399692,48.5816
261.7332638733333,425.0224
119.59995381599998,0.0
14331.19616916,5508.517866666666
698.5330856226666,671.088
140.399963226,33.5544
1146.9917671520002,838.86
8382.396498736,648.7184
239.931940714,134.2176
15029.729338892665,9686.044266666668
10817.731718994668,212.5112
148.250625576,67.1088
1.9506662266666663,92.2728
11.70399692,47.35866666666666
659.3251846133334,1677.72
240.9332702273333,134.2176
26.99997987,51.490857142857145
218.3999685,156.58720000000002
337.99990899999995,0.0
214.5732777466667,44.7392
25.99998982,167.77120000000002
149.06663771333334,134.2176
194.133305408,123.0328
103.99997372,40.54373333333333
11.703997712,24.29093333333333
67.599981696,251.6576
565.0665801680001,419.4288
164.6666438033334,0.0
10.399997236,25.86346666666667
6005.997685380001,838.86
83.19997868800002,268.43413333333336
305.066601312,1342.176
117.86663389066663,226.4896
29.25999494,61.514666666666656
396.9332330313334,861.2293333333334
201.06661369333327,111.848
60.66665033333334,72.7
25.99999613,78.29146666666666
259.9998996,81.088
172.79996825599997,335.544
21.599997152,65.70933333333332
157.73331058333332,0.0
1398.599743072,402.6528
103.9999724,41.9408
29.466662371333328,134.21679999999998
23.407997736,100.31226666666666
33.161330126,33.028
25.358664214,43.5152
84.93331049933333,67.1088
668.7999244813333,157.2848
495.7331954813333,324.35786666666667
161.19995753,0.0
10524.798457712,4798.281866666666
262.7998102,0.0
11.703998152000002,27.95973333333333
4.799999358,83.884
1098.225168186667,1560.278933333333
20170.794732318,4026.5296
27.733325888000003,64.83466666666666
4311.99942327,1056.9632
161.19993731800002,123.0328
60.47065290266666,0.0
20876.26116657333,4742.358133333334
29.25999494,33.552
27.733326058666663,42.116
70.22398944000001,0.0
76.07597998,16.776
41.599988896000006,511.7032
162.93329003066663,0.0
129.99996455000002,134.2176
97.066640608,89.4768
146.29998585,0.0
27.733326058666663,81.7864
28.799996202666662,71.12639999999999
23.99999679,83.884
25.99999336,659.9032
27.733325973333336,61.689333333333344
5.8519987680000005,234.88
5.19999863,75.4952
175.55994996,111.848
298.13327542666667,335.544
1496.1611083466669,0.0
9587.062964584,7303.68
146.29996210000002,0.0
23.407997736,32.3288
781.7332178773332,2091.5576
97.199927532,0.0
11.703996832,23.41573333333333
386.23189294800005,794.1208
6009.465069535333,301.9896
64.13332383666668,50.3304
116.13330264733332,0.0
146.29995945000005,0.0
31.21065956266668,72.7
29.25999538,75.496
146.29997580000003,623.5504
450.603875106,1040.1864
239.931934482,55.924
117.0399824,0.0
209.7332803353333,234.8808
2610.399634544,1392.506933333333
10.39999726,0.0
1.9506663293333333,83.884
103.99997336,274.0269333333333
25.19998970533333,68.8552
32.933320274,240.4712
4.799999358,117.4384
233.99994087,150.99439999999998
107.199984054,279.61866666666674
120.94131059999998,206.91786666666667
3015.999188,145.4024
95.99998716,200.62666666666664
181.41196862800004,587.2016
33.161328097333325,0.0
20938.66115013333,5480.556
77.99998131000002,111.84746666666666
336.26661868399987,0.0
138.66664640000002,33.5544
178.53328595333332,111.848
2664.1326160666667,8254.3888
9.753331793333334,138.41039999999998
481.8665326706666,318.76613333333336
171.65861773866663,0.0
3.4666661373333336,83.884
109.19996724,67.1088
6.933331482666667,170.56746666666666
103.99997236,928.3376
53.733325232,489.33333333333326
133.46663057933335,67.1088
11.70399824,35.64986666666667
341.46661636600004,704.6410666666668
164.66663468333337,111.848
10711.99845912,3254.778133333333
15.605330399999998,44.73813333333333
5.199999206000001,16.776
185.31329634666668,100.6632
84.93331389666669,0.0
150.799959458,67.1088
2949.40755648,4093.6392
31.199987784,167.77093333333332
29.25999668,103.45786666666667
21.59998928000001,87.3784
123.066649248,0.0
117.0399824,0.0
11.703996832,38.44586666666667
48.59997588,223.69386666666668
171.6586369813333,391.4669333333334
51.99998592,25.164266666666663
5.851999032,0.0
74.53331363933333,83.88560000000001
439.9999503166666,529.8794666666666
3691.999608079999,1543.5024
5.199999258,109.0496
31.19999178,276.8224
7543.465509034667,3033.878666666666
103.99997156,201.3264
150.799978308,100.6632
150.799977786,264.2384
77.99998869000002,134.2176
24.266663092,37.572
25.99999308,8.388
98.799972716,0.0
25.99999301,184.5469333333333
577.3972421653334,173.36293333333333
157.73331003733333,335.544
98.799973552,162.17813333333334
25.99999613,218.1024
21815.724925885337,4473.9232
240.93326930066652,134.2176
302.399959554,310.3768
181.99995114,22.3696
161.199958212,0.0
622.2625730933332,4362.0744
162.933308392,223.696
166.399956416,268.4352
458.40653961,973.0776
77.99998869000002,145.40186666666668
20671.727831472,4110.4168
25.99999309,74.09706666666668
161.19995666199998,0.0
2774.3996289240004,1733.643733333333
155.99997612,33.5544
5754.665810106666,1454.024
237.9812886,1124.0712
25.99999293,19.57013333333333
121.33331597333334,0.0
6402.086652192001,1118.48
47.99999458,67.1064
27.733325824,39.49413333333333
24.266660301333328,141.20693333333332
262.7998102,134.2176
3665.301650754,637.5336
21047.861032314664,5033.164266666667
427.195881594,1398.1
3137.332112186666,10066.328
31.199991516,37.7464
152.15196963200003,111.848
506.1331970666667,1073.7408
1003.599850618,2013.264
25.99998998,51.72693333333333
17.555996039999997,623.5509333333332
103.99998504,190.1410666666667
161.19995659999998,313.17440000000005
143.86662937200003,201.3264
688.1331636819998,827.6741333333333
24.26665723066667,75.4952
412.1999456506667,0.0
129.9999653,380.2832
28.799996202666662,59.06746666666668
77.99998805999998,4.1936
3653.597653998,212.5112
4695.598715933999,2824.1632
29.2599923,89.47653333333334
275.399963688,0.0
29.25999717,69.904
179.4612868426667,111.848
93.599976348,159.38213333333334
11380.187622026668,7068.7976
34.66665744,30.757066666666667
9.753331793333334,28.833866666666665
88.39999061600001,374.6904
4414.399409574,692.0584
7.802665023999999,34.426933333333324
1082.61974766,817.8869333333332
19.199997432,872.412
19931.594794786,4250.225333333333
60.47065711866666,928.3370666666668
192.39994894000003,324.3592
4359.3316415766685,682.2728000000001
132.79998223799998,125.828
86.66664293333334,0.0
161.199954864,257.2504
103.99998464,44.7392
2303.737004228,4026.5304
11973.863530434668,7298.0872
25.99998982,92.2728
77.99996967000001,55.9232
10701.597118799998,2024.449333333333
374.527893504,760.5664
14677.862799613336,3937.0504
29.259993400000003,134.816
51.9999862,0.0
2236.7997008280004,827.6749333333332
134.9999822,0.0
154.2666447726667,360.70853333333326
5.851998636000001,176.1576
2192.5489871413333,3500.8432000000003
2982.568839976,3746.909333333334
185.466616876,33.5544
162.9333083293333,223.696
117.0399824,89.4784
25.199985757333327,38.2704
187.199950248,145.4024
122.891972028,89.4784
168.1332881313333,123.0328
95.99998916,218.10106666666667
185.46661680466667,0.0
77.99997900000001,184.5477333333333
25.99999603,218.1016
77.99998875,61.51573333333332
253.0666278306667,150.9936
14.399998074,69.9032
76.26664713066666,111.8464
21241.99431368,4362.0744
561.599581296,0.0
247.86660136333333,89.4784
24.266660152,33.20213333333333
25.99999334,117.43973333333336
103.99997236,123.032
17.333328673333334,181.7517333333333
55.46664509866667,234.88
77.99998131000002,44.7392
187.199971272,357.9136
25.99999293,9.785066666666667
632.015871696,3137.3378666666667
19914.261465979333,3422.549066666667
117.03998064,0.0
3.4666657786666666,109.0496
133.75996534857143,23.96742857142857
188.9332827573333,246.0637333333333
29.25999516,55.922133333333335
35.111993136,100.6616
1164.54782488,2874.4938666666667
97.06664068266666,184.548
651.7331022186668,671.088
255.537296828,420.8266666666668
6061.465160625335,1599.4263999999998
215.99997561,671.0864
25.99999304,197.1304
51.99999448,123.03173333333336
9110.398664976,5066.717066666666
201.066611528,123.0328
23.407994672,72.00026666666666
1252.799769856,0.0
5.199998601999999,33.552
1115.7811152106667,713.0304
166.39996768,33.5544
24.266660217333325,183.14906666666667
149.0666268773333,123.0328
58.51998832,237.67626666666663
22.28571192,104.856
187.199971344,123.0328
29.25999334,91.3992
11.703998152000002,28.83413333333333
194.133280096,167.772
161.199958212,0.0
72.17465255733333,243.268
25.99998982,68.50453333333334
21.599991176,69.20506666666668
112.66665033,363.50453333333326
129.57997466857142,458.376
175.06663986799995,89.4784
55.46665175466665,150.99386666666666
11.70399824,13.1064
62.399983224,95.06906666666669
27.309330692,114.992
13.654663792,181.7504
122.891969634,212.5112
21.457331258,95.24373333333334
155.99997696,0.0
1492.7998003379998,1982.506133333333
187.199949888,67.1088
128.74397580000002,190.1405333333333
23.407996304000005,19.3968
7.802664613333333,67.632
347.218570428,357.9136
97.066628176,0.0
251.33326644,89.4784
111.187989246,16.425866666666664
255.53729490666672,1988.097866666667
81.46664517200001,0.0
62.399983176000006,187.3437333333333
155.99995800000002,257.2504
77.99998851000002,46.1344
221.86663560533333,0.0
187.19995716000005,44.7392
984.5331890613334,1129.6648
187.1999496,55.924
81.46664401266665,536.868
25.199996677333328,64.4856
859.7332020586667,12515.8016
15664.129242584666,6285.8624
11436.756430909334,5592.403466666667
159.95464141066662,973.076
152.53331109866662,67.1088
1574.1875959620002,10871.633333333331
126.53328413133336,212.5096
9912.931209678,3187.668266666666
399.599836756,0.0
11.70399824,40.0192
25.99998989,156.58720000000002
143.86662798866664,89.4784
821.5997800640001,13.9792
42.91466053599999,47.53253333333333
55.46665205333333,33.5536
21.599991176,65.35946666666668
324.1332647666666,1476.392
95.33330733666668,1196.7736
119.99998215,25.164
15.599995836,156.58613333333332
29.25999717,74.27306666666668
150.39998301733334,587.2016
583.249174066,1454.024
93.59997573600002,223.6957333333333
133.46663170866668,89.4784
3381.732523018,727.012
103.99997508,251.6568
29.25999538,220.8992
19.506663586666672,41.94
25.99999301,139.80853333333332
241.8826068986666,178.9568
2440.532390912,6780.789866666666
417.73326938800005,251.6576
17.333328693333335,194.3341333333333
133.46663165733335,55.924
185.46661744666667,134.2176
512.99961753,402.6528
25.99998989,0.0
100.53330707866664,352.32026666666667
11.70399824,55.921866666666666
2017.599704344,3369.4224
159.46663293333333,78.29360000000001
142.11997163428575,0.0
25.99999302,44.73626666666667
60.79999313466665,162.17839999999998
10.399997188,41.94
157.7333165893333,212.5112
215.99997561,61.51386666666669
5.199997992,33.5536
20.799991968,58.193866666666686
6005.99856087,413.8376
176.7999524,33.5544
168.13332764266667,100.6632
161.199976626,0.0
77.99998998000002,363.50453333333326
285.99988802,103.4576
103.99997188,301.9896
20.799996936000003,63.436800000000005
29.25999538,0.0
563.1999364053332,380.2826666666667
31.210663648,32.6792
83.199967648,55.92266666666666
62.399990472,4.1936
79.73331186666667,67.10719999999999
192.3999482,100.6632
64.37199032000001,0.0
95.399928874,0.0
87.77998482000002,391.4656
171.65863240533338,111.848
577.1998465979999,324.3592
91.86664225133332,0.0
17.333328693333335,202.72186666666667
199.33330465999995,156.58720000000002
135.199963444,123.0312
20.799994544,42.29066666666666
21579.9977092,4991.219733333333
20716.79705184,7941.213333333332
128.74398064000002,167.7704
10.3999972,42.8152
369.199945614,643.1250666666667
29.25999538,182.4512
183.733284008,0.0
29.25999538,38.4448
77.99998485,0.0
191.1653031493333,294.9981333333334
133.46663057933335,55.924
20.79999452,29.357066666666665
20.79999524,34.95146666666667
83.199987232,100.6616
388.1825907813334,682.2728000000001
32.933324568,69.90266666666669
54.618658042666674,891.9866666666666
1562.4834873600007,313.17440000000005
25.999989690000003,212.51013333333333
9.599998572,8.388
25.99999602,72.69893333333331
29.25999538,83.884
632.6664423133333,536.8704
165.80662371333332,89.4784
190.399974534,402.6512
6.933332597333332,41.94
117.03998064,44.7392
464.399938768,0.0
1.7333329666666666,113.2448
64.13331619,2181.0368
2641.5989657120003,402.652
21.599987792,88.95253333333334
3547.7980434540004,0.0
