1967.332810476667,3590.3208
56.56932440133333,190.1408
10386.130596986666,1632.981866666667
3.9013323066666654,83.8848
125.99998338666668,310.3768
1.733333084,86.68053333333334
29.259993840000003,41.24213333333333
271.79996416266664,0.0
27.309327117333325,68.33093333333332
185.46661673333327,413.8376
2116.3994871800005,3481.2712
382.330560696,715.8272
21510.66099116,3668.6144
11.703998064,85.98213333333332
285.9999395,1224.7343999999998
50.26666133066666,292.2016
20.799994376,111.84666666666668
672.5330948426665,805.3056
77.99997945,156.5864
460.357205736,917.1536
46.81599260800001,148.19706666666667
28.79998823466667,65.18426666666667
8997.731035450666,1342.176
24.266660301333328,49.28053333333333
56.569323550666674,257.2498666666667
298.45196613599995,436.2072
35.99997965333334,79.34053333333334
29.259995600000003,37.7464
77.99999736000002,0.0
24.266660684,62.563733333333325
6.933331624,111.8472
21.599987792,92.09866666666667
21217.727629027333,4264.207733333334
70.22398785600001,142.60479999999998
1414.799740096,0.0
169.86660061466668,134.2176
1.9506661533333327,22.0184
21.599987792,70.77706666666668
83.19997763199999,111.84666666666668
129.99996445,11.1848
135.19996302799998,156.58720000000002
5814.638862267857,0.0
58.93332456133333,178.95546666666667
29.259995600000003,50.3288
3062.799176578,447.392
378.429228444,894.784
21.457331258,36.872800000000005
20.799991968,55.74693333333333
21264.527681874664,4180.321866666666
180.2666181333333,167.772
27.733325824,58.19333333333334
489.61723393733337,2835.3472
102.26663952666668,201.3264
156.05330218666668,257.2504
20.799996936000003,34.4264
20.799994544,116.04106666666668
72.79997194399999,0.0
572.65990958,167.77114285714288
3974.3977537279993,0.0
71.99999187,57.319466666666685
239.931940714,0.0
62.399984616,3142.929866666667
145.599960576,0.0
154.102644652,720.0202666666668
62.421323008,139.80933333333337
1209.866345121333,1252.6970666666668
11.70399692,24.640266666666665
77.99997900000001,184.5477333333333
201.066612224,503.3144
320.66658255333334,0.0
168.13330908333333,67.1088
12.133330085333332,110.44853333333334
14225.462918803334,7717.518133333334
20.799994872000003,70.07866666666669
55.46665201066666,162.17866666666663
126.533314256,335.5429333333333
3842.997880656667,0.0
228.59988654666668,603.9792
504.3998636179999,805.3056
150.79997071,167.772
5874.265769711335,3327.48
62.39998356,72.69946666666667
79.97732010399999,449.4872
156.05330288000005,67.1088
10.399998544,121.6336
93.599963604,187.3437333333333
77.99996994,123.032
2293.9836550400005,4585.7712
246.13326621466663,738.1968
15276.798274994668,12359.213866666669
239.931952276,223.696
10.399995864,39.1456
266.39980760000003,67.1088
95.99998716,249.56
131.73331468799998,201.3264
25.99999619,0.0
257.487955472,1328.1944
142.13331288799998,380.2832
135.19997139999998,33.5544
5.199999202,16.777066666666666
24.26666022666667,36.6992
71.0666558153333,6333.397599999999
187.1999496,55.924
10884.7171356,1342.1765333333335
929.0666352213332,1666.5352
239.931934482,123.0328
77.99997888,0.0
3073.1991395040004,1733.644
232.12931088200008,2415.9168
349.16928082666664,1442.8392
171.65862219733333,0.0
178.53328657133338,246.0656
15022.794169997998,8696.1888
20.799996808,134.216
29.25999428,0.0
116.79998681133335,201.32586666666663
159.46662373333334,67.1088
180.2665965706667,246.0656
31.199995512,710.2333333333335
103.99995964,125.82773333333336
20.799996936000003,37.7464
8167.465482384,5637.1429333333335
21436.128196906,18074.65253333333
25.99999293,35.64933333333334
232.26660547333333,0.0
58.51999032,100.6616
10.399998404,170.56666666666663
998.7411305813332,402.6528
329.66257529400013,570.4248
29.466655129333333,174.7605333333333
200.9186273893333,671.088
27.309330692,54.0
50.26665307533333,218.1032
11.703998152000002,17.1248
81.46664222666669,0.0
24.266660301333328,78.46666666666668
138.66664624,229.28586666666672
291.1999671186667,443.19626666666665
2331.3324205266667,9462.347733333332
185.31329710666668,1565.8709333333331
183.73328690533333,33.5544
25.99999293,2.795733333333333
25.99999301,150.99413333333334
6835.134869375998,5145.0112
129.999961,145.4024
142.39861994666668,352.32
157.85710090357142,143.80342857142858
159.4666235493333,123.0328
635.9172233626667,894.784
83.199977248,100.6624
270.399926264,1241.5128
163.855974128,1258.2896
11438.706925183998,4831.8368
142.13329648799998,67.1088
181.99995401,78.29360000000001
21.457329945333328,244.66586666666672
128.26663154133334,788.5272
28.79998823466667,64.13653333333332
17.555996304,139.80826666666664
202.869277936,0.0
23.407994672,57.6696
3.199999524,83.884
164.79998139133338,310.3768
21.599987792,92.796
25.99999613,229.2874666666668
77.99997911999998,11.184533333333333
21443.06094301733,5131.030133333334
149.06664556799998,67.1088
24.266660684,38.272
27.309330234666664,37.57253333333333
138.66661168000002,67.1088
77.99997927,72.70026666666666
21.59998928000001,96.46666666666668
31.210663648,41.06693333333333
332.79991232,480.9464
32.933328722666666,55.921333333333344
25.99999313,78.29360000000001
3830.399487684,658.5034666666667
220.799975068,581.6082666666667
161.19996137400005,100.6632
159.46662397866666,167.772
60.47065757333333,0.0
15.599995824,138.41039999999998
5061.596344400001,0.0
62.421321130666655,251.656
25.99999302,50.3288
458.99993948,0.0
183.7332841493333,117.4384
146.29996005,100.6632
3.9013327466666654,81.7864
29.259995600000003,100.6616
286.199962264,0.0
11.703998064,43.8632
77.39996158666669,349.524
3087.0662166673333,3221.2224
213.19994383,145.4024
55.46665173333333,134.21626666666663
149.066607556,0.0
6101.33168128,12683.5736
3.9013325706666655,60.64133333333334
60.47065711866666,9238.651466666666
25.99999301,206.9176
27.733325888000003,33.37786666666667
51.99997996,167.772
25.199985757333327,89.65039999999999
21521.06078148265,17493.042666666668
173.33330680000003,156.58613333333332
5.1999986080000005,96.4672
11.703998152000002,36.52293333333333
29.259995600000003,75.4952
5.199997992,58.7176
21.59998928000001,50.8536
58.51999076,234.8784
14870.263103522002,2796.2
27.733322645333327,100.6632
6.399999048,209.7128
21512.396822784,4040.512266666666
9.599998716,746.5842666666667
221.8666381653333,682.2728000000001
20.799994672000004,78.29146666666666
14244.529613318668,2952.7872
157.73327199933334,134.2176
91.86665256866668,134.216
25.99999602,148.19626666666665
57.199977956000005,0.0
195.06661613333333,201.3264
77.99997816,0.0
19278.125688812,4501.884266666667
23.407997344,66.75760000000001
28.79998372266668,90.6992
20.799996904,62.5632
15.599995806,150.9930666666667
1715.199770592,822.0816
34.666657240000006,10.484
11.703996832,63.43626666666668
20643.99692722,4068.473333333334
95.33330700666669,0.0
29.25999494,0.0
25.99998982,72.69893333333331
208.721303516,822.0816
31.210663648,71.82639999999999
232.2666060093333,419.4282666666667
545.99994204,1163.2192
95.33330891333335,95.07066666666668
223.599965858,615.164
2163.199710672,1516.9378666666669
159.4666230586667,167.772
72.17465255733333,212.50906666666668
76.07598684400001,321.5616
31.199995632,25.164
2131.9999278400005,2963.972
8999.464264501335,603.9792
31.199991648,95.06906666666669
594.9532304466667,939.5232
51.99998754,123.032
10796.930330955332,4887.7616
158.003959068,402.6528
210.67194160800005,0.0
72.79998062399999,0.0
25.99998982,125.828
143.86664547400002,209.7128
136.93327613733334,464.1685333333333
11.703998152000002,32.85306666666666
223.59994109,212.5112
71.06665608866666,83.884
20.79999452,25.861866666666664
155.99996430000002,0.0
9.75333106,171.9648
15.599997618,83.884
146.2999667,134.2176
97.06664131733332,67.1088
928.5171448373334,671.088
223.599971276,536.8704
21716.927427998,8164.909866666666
179.46129751466668,89.4784
11.703997536,27.9592
154.10262284799998,480.9464
6499.619622906666,6174.0144
641.33315894,0.0
10.399997236,78.29253333333334
103.9999762,83.884
69.33331624,111.848
349.1692338093333,939.5232
633.96649355,637.5336
3623.398001761999,0.0
722.799716996,816.4890666666668
187.199973072,78.29360000000001
247.8666348253333,682.2728000000001
5.1999989,90.87466666666668
140.447972544,364.9018666666666
122.891979672,67.1088
140.399962254,33.5544
20.79999448,73.39946666666665
21612.927522779337,5995.056799999999
23.99999679,96.4672
25.99999613,78.29146666666666
29.25999538,33.5544
571.5451772619999,738.1968
97.06664012266668,0.0
5780.664252126666,0.0
27.309327117333325,80.56426666666667
129.9999808,67.1088
27.733329205333327,59.41733333333335
103.99997236,61.514933333333325
4652.265430237332,10938.7432
28.79998372266668,90.00026666666666
791.9705297093334,1040.1864
98.7999734,128.62373333333338
25.199985757333327,32.5048
1348.5329702666668,514.5008
1127.4851044453333,749.3815999999999
36.39999167,374.6898666666666
91.86663126266669,671.088
1351.9998018800004,9126.803466666666
9535.062984664,4071.270133333333
159.4666226293334,0.0
103.99998452,100.6624
1053.8662576853333,2113.9272
682.9330617359999,2125.112
103.99998464,123.03093333333332
3029.8665641173347,3601.506666666666
81.46665419600001,167.7704
3196.7995244759995,1017.8168
20735.861195588,3646.2453333333337
17.333328673333334,123.03173333333336
256.5332633786667,648.7184
11.703998064,54.17386666666667
129.99998104999997,0.0
24.266660152,35.825066666666665
116.13330398733332,100.6632
19.066661592,117.43893333333332
69.33331557333335,83.8848
32.933324580666664,169.16906666666668
126.53330135933336,0.0
788.6664722300002,1235.9192
25.99999724,167.7704
84.79999042466665,968.8832
93.59997192,0.0
31.199991696,209.7136
3684.808312014,1297.4368
27.309330234666664,46.485333333333344
20600.663624106663,4306.151466666667
51.99999232,44.7392
29.25999538,399.8554666666668
20917.861099296,6668.942133333334
239.931934482,290.8048
161.199957778,123.0328
117.03996968,0.0
69.33331392000001,268.4352
6023.332425200001,1375.7304
15.605330752,33.552
135.199980032,67.1088
9579.722415383998,671.088
194.1332817386666,67.1088
3.466665924,29.008266666666668
324.1332514273333,1006.6312
20526.127775488,10038.365333333331
27.733325973333336,159.3824
201.0666132293333,89.4784
21482.93016046934,4655.676
58.51999076,176.1592
181.99997214,201.3264
25.99999309,83.884
9.599998572,44.73733333333335
187.199950248,145.4024
31.199991648,197.1304
9.753331793333334,37.2232
4341.99895959,10972.2976
54.618658042666674,299.8909333333333
487.06659398133337,2315.2536
117.0399616,279.6189333333333
120.941309732,134.2176
62.42132394666667,177.5576
171.59995439399998,0.0
7.802665376,34.602133333333335
77.99997963,89.4784
4.799999286,0.0
20.799994544,77.59360000000001
77.99996967000001,117.4392
10.399995984,11.184
131.73329811999997,134.2176
14941.329356639995,2292.8845333333334
77.99996967000001,111.84693333333333
183.36261440266665,425.0224
107.46663789866663,195.7328
10847.197104632,257.2504
36.399994582,218.1016
6.933331762666667,16.776799999999998
8995.99760914,738.1968
6967.999008399999,9193.912533333334
1273.5998561893334,1834.3072
3828.9327722473327,29460.789333333327
77.99998875,117.43946666666665
9.599998572,13.98
232.2666323626667,184.548
32.93332463133333,276.8224
169.70795603599996,78.29360000000001
294.5506960613333,201.3264
161.199975262,257.2504
827.0824622986667,648.7184
814.3998910739999,767.556
6005.99871333,369.0984
261.73326377266665,8623.487733333332
109.199970852,223.696
25.99999666,170.56666666666663
25.99999309,123.03093333333332
214.9332790213333,335.544
25.99999293,20.969066666666667
25.99999608000001,682.272
51.99998617999999,240.4714666666668
21.599991176,57.66933333333334
103.99998408,212.5104
577.3972421653334,125.828
1238.3997725013332,0.0
223.1999088186666,89.4784
10.399998492000002,69.90346666666666
745.3331495799997,850.0434666666666
1.9506663586666668,167.7704
83.199987712,145.40186666666668
25.99999612,150.9936
25.99999616,114.64293333333332
103.99997188,246.0656
81.92797782400001,246.064
58.51999120000001,209.7130666666667
696.799818028,380.2810666666667
372.0198942171428,1198.3714285714286
93.599977572,0.0
27.73332247466666,194.3336
21777.596666352,4991.219733333333
207.99997088,0.0
152.15197368800003,1739.236
322.39993738,973.0776
155.99995782,100.6632
128.266631936,44.7392
336.26657613333333,134.2176
77.99996967000001,83.8848
5.851999032,293.5992
11.70399692,68.33066666666669
20980.263543834662,4459.942400000001
37.06265691333333,257.2498666666667
6604.956290445333,1084.9256
6037.198499988001,1107.2952
131.73331504266667,178.9568
166.399935296,167.772
27.309327117333325,54.87413333333333
163.85596303999995,1358.9525333333331
15.599995806,192.936
2125.065846064,2908.048
31.199991648,144.00373333333337
155.99995823999996,111.848
21422.260907372663,4473.9224
52.66798970399999,218.1016
2348.665962066667,2684.353066666667
1656.1156762479998,0.0
1429.9999516000007,1789.568
714.133139144,469.76
3071.465480608,503.3144
21592.130268911336,4166.3416
327.59995199400004,2885.6784
17.333328766666668,92.2728
101.4346506506667,353.71813333333336
5207.396239100001,0.0
109.19998404,0.0
5.851999076000001,163.576
24.266660684,178.95520000000002
1596.399830536,1632.9808
176.79993125200005,134.2176
1228.9331532473336,2371.1776
64.13331643666668,128.62426666666664
2779.199628282,1174.4032
230.53327259666668,44.7392
13537.598471379331,10513.720266666667
181.411963792,0.0
20.79999524,38.6208
146.29996005,257.2504
56.56932482666667,173.3632
6142.932418981333,2337.6232
253.0665675813334,889.1906666666665
20.799994408,29.707466666666672
296.50128874666666,671.088
23.407994672,51.727466666666665
755.7330653386667,1565.872
51.99998617999999,322.96
51.999986,106.25386666666668
2615.5996338160003,1493.169333333333
20564.26374021333,17336.454933333334
35.111996016,150.99439999999998
13.654664510666668,145.4016
147.33329961666664,212.5112
480.1332024046668,503.316
25.999993,62.912
197.5999715,570.4248
501.321196438,503.316
76.26665502133334,111.8464
35.111993136,142.60479999999998
126.533284472,620.7552
24.26666022666667,77.0688
129.99996545,0.0
4.799999286,117.4392
152.151960584,313.17440000000005
71.06664753333331,89.4784
57.199984622,83.8848
159.95462522933332,156.58720000000002
161.199942836,89.4784
1213.1997771306665,89.4784
2925.866234538667,195.73306666666667
157.73331088666663,111.848
11.703998152000002,144.00293333333332
136.54665346000002,391.4656
628.1145391546665,2248.1458666666667
656.9331564666667,671.0874666666667
36.39999442799999,134.21679999999998
201.066612224,648.7178666666667
20.799996936000003,51.72773333333333
5768.996036483332,0.0
52.667994024,159.3824
57.19998460000001,346.7282666666667
183.73328386666665,0.0
3.9013326586666666,25.51333333333333
181.41201810400003,0.0
157.73331058333332,212.5112
27.309327117333325,61.34
152.151960584,0.0
152.53331109866662,0.0
39.01332658666667,279.61920000000003
519.9998668000002,11.8816
9285.463063191335,2334.827733333333
59.39997052,226.4904
188.933306156,44.7392
169.86661975733338,212.5112
198.96797008,380.2816
126.53330135933336,201.3264
128.74398754800006,33.5544
103.99995956,539.2671428571429
11.70399824,52.426666666666655
3.9013323066666654,35.1256
5.8519989,95.0704
103.99997336,195.7328
628.1145674906667,5178.565333333333
77.99997867,198.5288
11434.806194504,1722.4592
125.99997685333334,178.9568
10.399995984,148.19733333333338
5.199999206000001,8.388
29.25999494,117.4392
169.707952962,223.696
351.99995292,901.7738666666668
31.210663648,32.1544
301.5999187999999,1330.9896
17.333328693333335,167.772
4.799999358,41.9408
27.733322645333327,25.164
25.358664214,31.6304
34.666657533333336,310.37626666666665
40.96399384,184.548
23.399996914666666,29.533066666666667
255.537296828,536.8688000000001
306.2546972293334,458.5768
493.99992723,173.36373333333336
1392.775717256,4378.8512
239.931952276,0.0
77.99996946,0.0
21.599987792,57.6696
4075.197696757333,0.0
77.99996994,195.73306666666667
34.66665318666667,131.42026666666663
158.00397505200002,732.6034666666667
97.53330736666666,268.4352
135.19996380799998,134.2176
3.9013327173333336,55.224
27.309330692,82.48693333333333
20.799994544,37.7472
29.259995600000003,0.0
83.199967648,134.216
102.26663929066666,69.90426666666666
3022.932070677333,1498.7632
29.25999538,33.702571428571424
783.9999114733333,2298.477066666667
51.99998616,50.3312
2100.599614112,0.0
38.133327657333325,5.592266666666666
558.0299118899999,1006.632
26.999986600000003,56.546
25.99999617,318.76559999999995
25.19998749333333,60.9896
10791.731722874669,1890.2312
91.86664182733334,44.7384
197.017279534,167.772
21.599997152,59.4176
21319.99549,8589.933333333334
21801.86084724533,4683.638133333334
27.733325792,59.24346666666669
11.70399824,17.4752
20.79999524,30.406133333333333
51.9999863,83.88506666666667
103.99997372,32.5048
31.210660565333328,155.1888
204.79997687466667,41.94
594.9532304466667,1308.6216000000002
19.066663887333327,92.2728
124.84264789333334,301.9896
395.9852559226667,1017.8168
665.1771832933333,1990.8944
19.066664642666662,93.67093333333332
51.99999232,0.0
31.210661269333333,128.62346666666664
230.53327259666668,0.0
107.46663851866666,123.0328
11.703998152000002,30.40693333333333
52.667994024,55.3976
126.79330447333334,257.2504
21375.463386354662,5284.822133333334
2800.798609973333,0.0
3.466665738666667,23.0664
162.93330168666668,0.0
286.00002497,0.0
6.933331482666667,128.62426666666664
70.22398152,13.6304
447.1999356719999,402.6528
6796.398172813999,8835.999199999998
25.99999336,195.7325333333333
1443.8663106979998,1957.3408
71.066646768,246.0656
136.9333001533333,908.7645333333332
233.99994006,671.0871999999999
253.58661328,553.6464
50.26665330733333,234.87920000000005
514.975918688,682.2728000000001
152.15196963200003,145.4024
349.1692338093333,715.8272
126.79329173333332,218.1021333333333
135.199964068,0.0
890.9329790160001,1856.6768
129.9999685,573.2197333333332
161.199957778,0.0
90.133311736,89.4784
684.6838867439999,343.9314666666667
8.666665420000001,176.1592
77.99997939,111.84746666666666
611.8664991093333,1107.2944
1366.399817244,452.9824
1107.9784417386668,760.5664
715.8664750346668,931.1328
169.866642232,257.2504
6564.1307985680005,1711.2744
23.99999729,0.0
31.21065956266668,63.26293333333333
155.99995823999996,480.9464
169.86664203600006,234.8808
446.3999495940001,165.32426666666663
13.866662965333337,167.77120000000002
31.199991720000003,153.79066666666662
21527.99695296,5033.1632
5.851998858000001,167.772
60.66665052000001,2046.8184
55.466644672,117.44
194.13328181333333,44.7392
77.99998848,156.58693333333332
23.407994672,76.36906666666668
181.411979416,246.0656
24.26666022666667,58.89253333333332
133.46663170866668,0.0
218.474620672,486.5376
176.799951516,201.3264
129.99997249999998,324.3584
126.79330854666668,423.6226666666668
5.199998612000001,64.312
10755.33102921,4071.268533333333
146.29996210000002,0.0
19.50666344,69.90266666666669
329.3332043866667,559.2384000000001
3106.7987308146667,0.0
1113.8304991733332,1470.8
1685.375657856,3170.8922666666663
27.309330692,96.99093333333332
918.6665306333334,939.5232
93.599974476,234.8808
59.39997052,170.5664
10640.931761749333,4652.879733333333
12.53999736,145.30114285714288
3189.3391607,69.90346666666666
11.703997975999998,50.502666666666656
754.907869452,1347.7672
74.53330415066668,279.61920000000003
83.19997702400002,0.0
87.77998548,411.0402666666666
1219.199836932,1384.1183999999998
25.99999912,162.17946666666668
15.599996004,81.08773333333333
20.79999448,63.43706666666666
98.99992619000002,0.0
117.03997108,67.1088
5026.665328800001,2141.889066666667
20824.260972030665,6067.757866666666
171.59997531599996,33.5544
143.86664569533335,0.0
20.799996936000003,55.746666666666655
81.466645548,234.87920000000005
25.99999304,163.57573333333335
28.79998570666667,52.4264
825.131857308,1073.7408
102.26663901533333,391.468
50.26665268866666,377.4856
109.199970978,1040.1856
157.73327199933334,33.5544
21618.130140501336,12624.853333333336
90.13330906666664,150.9936
159.46664231733337,178.9568
266.9333566386667,0.0
58.51999076,0.0
64.37198741600001,276.8216
1.7333328706666669,114.64293333333332
7.802665317333333,22.716266666666662
494.9996599166666,268.4352
181.999951,167.772
29.466658778666662,139.80933333333337
17823.864041073997,3201.649866666666
244.399933354,592.7944
3520.3994800640003,1521.1328
2580.7316119200004,914.3573333333336
47.99999358,187.34426666666664
11407.496865482666,6386.524533333332
64.13332349133334,61.514933333333325
21697.85830464267,4362.0741333333335
15.599997815999998,164.97413333333333
369.199960808,1168.810666666667
10.399995864,69.90266666666669
8963.064301796001,4362.0741333333335
618.799741532,1353.3608000000002
29.25999318,20.97
122.891972028,67.1088
177.51063997333335,374.6901333333333
147.3333114033333,648.7176
103.99995992,0.0
53.73331905266665,134.21679999999998
77.99998893,106.25386666666668
514.799923968,548.0551999999999
140.44796304,945.1149333333332
608.3999129519999,268.4352
28.79998823466667,69.2048
84.93331187133333,83.884
280.895968128,279.62
19.799997389333328,71.82560000000001
121.33329030666664,0.0
103.99998504,257.2485333333333
3641.397991835333,0.0
6.9333316106666665,26.2128
11.703997272000002,26.3872
11.703997536,48.05866666666666
155.99995632,22.3696
21.599991176,85.45706666666668
251.33323492666668,810.8965333333333
88.39997636999998,55.92373333333333
155.99997996000005,301.9896
28.79998823466667,72.87466666666668
146.29997690000002,195.7317333333333
103.99997416,754.9728
10.39999762,61.514933333333325
25.599996576,65.70826666666666
21002.794377712,10164.194666666666
803.6745276853333,559.24
146.2999714,1493.1704
795.5998038539999,1442.8384
204.53327944666668,234.8808
57.19999155200001,22.3696
1214.9997767999998,178.9568
6886.797186614666,447.392
25.99999636,58.7184
40.9639923,872.4128000000001
21332.127655704,4809.466933333333
270.3999694673333,494.9256
294.6665922066666,945.1149333333332
46.799987562,141.20746666666668
164.6666423466667,290.8048
87.77998548,427.8168
161.199979292,301.9896
195.866612954,301.9896
11.70399692,40.36853333333333
10.399998412000002,83.88560000000001
4008.6193972,7851.7352
135.19997935600003,67.1088
25.99999602,285.2112
77.99997963,67.1088
27.309330692,42.9896
175.06666074133338,290.8048
97.5333239,89.4784
3088.7976971280004,0.0
29.259995600000003,114.64213333333332
534.5996014259999,134.2176
181.99995170000005,89.4784
21612.927547717336,4026.530133333332
320.66658144333326,4239.0416
204.81995912,570.4248
124.842654592,22.3696
10.399997772,39.1448
206.2666373926667,234.8808
130.6946411173333,339.7376
58.51998636,296.3968
126.53329975333337,44.7392
983.99988889,1442.8392
3265.1986661053334,0.0
196.799977778,631.94
29.25999538,174.76026666666664
23.407997344,53.12693333333333
10252.663941823334,3333.072533333333
230.178644404,2348.808
235.733299696,0.0
191.165281132,33.5544
21458.66152484,4652.88
22.533324632,62.5632
175.55998007999997,369.0984
3.466666168,162.17786666666666
62.399983296,83.884
25.99999293,24.465066666666665
525.1998612259999,167.772
294.5506332453333,246.0656
169.5999808493333,310.3768
50.71732570666667,187.3432
183.73328386666665,357.9136
45.066655157333344,861.2285333333333
11.70399824,33.202666666666666
6004.265791429332,760.5664
77.99997906,100.6616
10777.862484025334,2494.2104
25.99999601,699.0488
173.33328953333333,178.9568
21373.727644632003,4054.492266666666
10554.265091645331,2818.5712000000003
310.2665831333333,3439.3269333333333
313.733287118,576.0149333333333
552.9331795753334,1112.8864
25.99999304,176.1592
20.799994344,72.69893333333331
10613.574540286669,3903.496266666666
64.37199080399999,384.47493333333335
102.266638976,2102.742933333333
14142.262929844668,8025.099200000001
62.399985048000005,67.10719999999999
173.60931363466668,178.9568
1386.923605632,984.2624
228.799937256,369.0984
81.46664539133332,335.544
25.199996677333328,58.7176
135.199952056,55.924
31.19999286,380.2824
237.466608122,0.0
136.93329699333333,223.696
11.7039978,15.377066666666668
19.066661592,50.3312
1970.799475464,1118.48
72.79998961199999,71.82560000000001
3097.798734491333,0.0
31.21066173866668,5.591466666666666
7.802665199999999,251.6568
3093.99916224,363.5037333333333
93.599963928,83.88586666666669
140.399962254,78.29360000000001
126.53329946133336,251.6573333333333
920.399639628,2214.5904
181.99995128,111.848
107.46663951066664,251.656
660.399821946,0.0
161.19993607799998,223.696
2045.3332641066668,1834.3072
146.29996699999998,128.62426666666664
21794.924875222667,4669.6568
183.7333078226667,145.4024
194.13330369066665,447.392
100.79998670933333,352.3192
7.802665434666668,37.39813333333333
105.335989812,559.24
22.533330118,74.0984
169.70796172,1073.74
114.399969596,989.8544
255.53727953600009,553.6472
66.32265370133332,243.2672
183.7332839373333,33.5544
6.399999048,55.921333333333344
72.799980372,145.40106666666668
736.6665587166667,2225.7752
27.73332794666667,32.8536
195.0666388,738.1952
263.4665642186667,212.5088
110.933306752,419.4288
29.259995600000003,75.4952
21.599997152,64.4848
11267.047701653331,738.1968
239.931960312,425.0205333333333
9.753331793333334,86.68026666666667
249.68525141333336,659.9032
25.99999304,170.56666666666663
81.46665510466667,195.7325333333333
143.86662798866664,0.0
208.721303516,536.8701333333333
232.12931088200008,2952.788
17.555997096,69.90293333333332
6005.999136059999,458.5768
103.99997372,43.68853333333333
116.13331636,0.0
340.799961518,260.04426666666666
27.733325973333336,30.9312
300.59996036533335,0.0
69.33331501333333,0.0
20.799991856,53.9984
653.4732301533335,290.8048
152.15195673600002,67.1088
20.799994544,79.68960000000001
8.666665420000001,100.6616
119.59995381599998,125.8272
161.199957158,0.0
21.457328816,820.6834666666666
19818.93040622933,5270.84
383.066562944,1185.5888
7.802665317333333,15.901333333333335
76.799991328,33.5544
72.79998924799999,95.0704
23.407994672,103.45786666666667
9.753331646666668,54.348533333333336
51.99998602,145.40213333333332
166.39997599999995,178.9568
51.99998602,150.99439999999998
204.53328652666667,167.772
31.199987784,117.4392
245.783952036,134.2176
206.26661454466665,223.696
77.99996907,100.6616
83.19998384,402.6512
10.399997188,11.184533333333333
382.330560696,861.2296
109.19998404,0.0
159.4666237946667,55.924
119.59998730399998,288.7066666666668
124.799966208,83.8853333333333
43.33332181666666,301.988
3142.797656868001,0.0
5156.9962755000015,0.0
29.25999516,41.94
152.15198528400003,156.58720000000002
173.33330833333332,223.696
25.99999296,27.961066666666667
199.3333036633333,687.864
83.199978272,0.0
27.309330692,41.76746666666666
31.199992308,178.95546666666667
3.9013327173333336,20.4448
62.399973936,754.9728
282.5332916053334,318.7666666666668
3026.39956932,1588.2416
24.26666002133333,31.97893333333333
1116.2662004106664,1733.644
25.99999631,16.076266666666665
1098.225036069333,2281.7
78.39999114733334,51.72693333333333
282.8466113733333,570.4248
25.99999603,22.368
126.53330135933336,223.6944
51.99998754,67.10719999999999
161.90530168266667,1347.7674666666665
58.51998636,436.2056
547.7331810213333,771.7504
31.199987952,198.52746666666667
20.799994464,187.34346666666667
161.19995666199998,223.696
168.13328864866662,246.0656
159.9546347413333,167.772
2591.3329705466667,1442.8384
3167.9995287600004,1118.48
60.47065711866666,262.8421333333334
144.349309456,1207.9584
77.99996967000001,128.62426666666664
25.99999309,163.57706666666667
10.3999978,125.8272
103.99998464,0.0
6491.331618123334,11352.580800000002
187.199972136,458.5762666666665
3.466665733333333,61.51573333333332
129.9999498,0.0
173.33328786666664,134.2176
51.99998617999999,137.01226666666665
7.428568325714287,214.20657142857144
209.73327767333333,33.5544
7.802664906666666,153.78986666666668
25.99999301,229.2872
80.9999598,50.3288
72.799988828,178.95573333333337
77.9999835,181.7504
402.133275488,1375.7304
50.71732532533333,802.5077333333332
95.58264798133337,184.54853333333327
109.199970978,257.2504
77.99997114,0.0
348.39994867800004,939.5224
21198.660967486667,4907.334400000001
20917.86376230133,5614.7736
21155.33039599667,9395.239466666666
181.411948292,313.17440000000005
5.85199912,137.0128
157.7332901993333,156.58720000000002
6.9333314586666654,67.1064
135.199964536,111.848
122.891980596,218.1024
721.0664747520001,855.6351999999999
10.399998516,0.0
1995.0661295333327,3087.0048
131.733297664,41.9424
169.86662093333337,0.0
159.46662201600003,0.0
15189.19599823,3377.8096
25.99999301,187.3437333333333
20.799994368000004,102.05973333333334
103.99998524,150.99439999999998
740.1332237366668,581.6096
129.99996485,130.48844444444444
187.199948664,111.848
51.99998586,16.077333333333335
20.79999524,28.484533333333328
10.399995952,15.202666666666664
77.99998851000002,51.72693333333333
15.599996016,247.4616
10.399998407999998,58.7184
19962.79715914,8970.2176
1037.7544637973338,1174.4032
136.54663031333334,167.772
11.703998152000002,63.612
4935.596435400002,0.0
46.81599296,174.76026666666664
10446.797223562,3344.257333333333
124.8426382506667,67.1088
84.93331076066666,69.904
292.5999494,1006.6312
62.42132394666667,0.0
3194.532473266667,1431.6544
33.161325785333325,71.82639999999999
10.399997224000002,198.528
36.399985566,324.3584
175.55998007999997,201.3264
29.259995600000003,144.00293333333332
164.66662898333337,78.29360000000001
25.99999613,41.94
126.79331140666667,766.1576
5.851998858000001,173.36293333333333
23.40799648,163.57520000000002
207.99997088,223.696
20.799991968,57.84453333333332
29.25999494,103.45786666666667
271.79996416266664,0.0
169.5999808493333,366.3005333333333
162.9333084546667,89.4784
5.8519989,141.2072
56.56932482666667,176.15893333333332
29.25999494,33.5536
50.71732456266668,307.5816
209.7332803353333,212.5112
22.53332735333333,76.5432
277.3332577066667,693.4576
84.9333100746667,246.0656
192.39994931,0.0
57.199984798,109.0504
150.2013073586667,469.76
28.799996202666662,69.37866666666669
155.9999775,11.1848
12388.130002831333,11184.8096
34.666661360000006,229.28666666666663
106.19994729333334,89.47573333333334
21127.594214288,11609.8312
175.56001752,33.5544
77.99998851000002,58.7176
164.66663468333337,111.848
214.5732777466667,44.7392
114.399968892,268.43440000000004
9.753331866666668,0.0
7.802665144,229.2874666666668
21.599983896000005,46.6584
2750.399632134,3976.198133333333
142.13329927599997,55.924
25.99999309,50.3288
77.99998845,106.25413333333331
249.6852864,514.4997333333333
161.199976626,89.4784
12.539997925714284,69.65314285714285
56.56932440133333,156.58720000000002
119.99998215,64.31066666666666
135.571375855,299.5928571428572
207.9999448,89.4784
204.5332809413333,78.29360000000001
178.53330758333337,134.2176
11.70399824,22.5424
77.99999172,229.2874666666668
20.79999524,35.474133333333334
21768.92680265333,4787.098400000001
27.309330692,29.0072
25.19998749333333,49.6312
51.99998754,123.03173333333336
52.667991288,81.088
6005.99909448,268.4352
46.815993312,234.8784
90.64281215714288,200.726
661.27582598,581.6096
62.399982768,178.956
21607.730266697337,4613.732
10.399997224000002,92.2728
135.19996380799998,178.9568
57.1999879,11.184533333333333
34.66666174666668,55.921333333333344
145.59997849599998,162.17866666666663
10.399997644,55.924
29.466658654,16.426133333333336
24.266660152,34.07626666666667
132.6453123893333,469.76
109.23730425066664,201.3264
851.0663648653333,872.4125333333333
146.29997580000003,548.0546666666665
183.73328386666665,178.9568
150.799960908,89.4784
630.0652243746667,883.5992
275.043973398,82.3112
11.703997712,40.36773333333333
3326.2669570753333,911.5602666666668
5.851998858000001,148.19706666666667
117.0399692,127.22613333333332
29.466655208666666,55.921333333333344
29.25999538,10.484
157.73329086666666,134.2176
128.74398160799998,251.6578666666668
159.9546353973333,1392.5064
183.362640472,794.1197333333333
701.9998269299998,933.9301333333332
1072.8664972666666,1767.1984
20.799994432,39.1456
87.77998614,401.2522666666667
212.622608606,301.9896
83.19997843200002,67.108
5.199998612000001,47.53386666666667
87.77998002,83.884
24.26666027333333,32.5048
213.199972612,671.088
146.29996005,0.0
175.0665985926667,22.3696
22.533327284,183.15066666666664
24.26666111333333,31.1048
181.99997221,598.3853333333335
53.733320458,173.36293333333333
204.5332538013333,167.772
258.2665981266667,268.4352
113.13864965333336,464.168
114.399969596,226.4904
27.733325909333328,40.19413333333333
25.99999309,43.33813333333333
10120.930596788665,2941.6032
126.53330622600002,192.936
152.15195845200003,190.1416
55.46665166933333,458.5768
11.703998064,79.51466666666668
117.0399692,159.3816
58.51999434,67.1088
41.599983504,447.3912
128.26663425466668,234.8808
187.199950248,268.4352
7.802665199999999,184.54826666666665
294.550609186,55.924
40.96399384,201.3248
23.407997736,25.51253333333333
154.102651762,771.7511999999999
29.25999494,16.776799999999998
700.2664778640001,805.3056
3.9013325706666655,36.87226666666667
273.0933023466667,167.772
21004.530416934667,4675.249066666666
7.802665376,0.0
15.599995836,75.496
20997.59446794,7426.712
234.07993512,0.0
155.99995908,111.848
166.39997536,22.3696
157.733292444,55.924
21943.994378960004,6627.0
204.5332797613333,89.4784
1431.789118026667,0.0
83.199977248,50.3304
19.066661511333333,72.69919999999999
65.866648908,39.14586666666667
310.39996495066663,339.7368
102.59994908,195.73226666666665
74.53331756666667,324.3584
239.931952276,0.0
592.7998388039998,0.0
5562.265177690667,2231.368
77.99998002000002,8.3872
214.933280344,1241.5128
109.23730376533332,478.1482666666665
32.933320527333336,134.2176
897.3064845066666,771.7511999999999
91.79995444,198.5290666666667
166.39995532800003,648.7176
249.599961888,699.0495999999999
25.99999603,486.5370666666665
21080.796927068,6062.165599999999
31.199991696,53.12613333333333
146.29997690000002,180.35386666666668
11458.21427696,6274.6768
21649.33002764667,3928.662933333333
114.399969816,3221.224
1755.8663985593334,363.5048
79.73331244933334,0.0
77.99997879,150.9936
356.971901058,603.9792
909.99987085,3892.312
68.27331536666667,23.7656
11.7039978,19.048
155.9999775,22.3696
28.79998823466667,61.864
150.799959632,335.544
192.399947978,687.864
29.466658778666662,167.7706666666666
58.93332456133333,95.06906666666669
129.9999539,167.772
11.703997975999998,32.154133333333334
135.19996266400003,0.0
1219.1664558333334,1308.6216000000002
788.6665532200002,1744.8288
31.199992116,53.12586666666667
273.09330692000003,0.0
360.53325609600006,1985.302133333333
105.335989812,401.2536
179.46129751466668,637.5336
132.64532050399998,349.5234666666667
10141.730559959333,6403.302933333333
207.99994544,145.4024
146.2999708,67.1088
181.99997214,22.3696
254.79993238000003,413.8376
6139.796614014001,0.0
180.2666181333333,246.0656
269.191969456,134.2176
204.53330304666667,123.0328
62.399985048000005,83.88560000000001
19.50666256000001,188.7408
107.46663996533331,1174.4034666666666
29.259993400000003,218.1021333333333
135.19997935600003,167.772
25.99999603,61.51413333333332
146.29996699999998,123.03173333333336
911.7331934173332,2158.6664
62.399983224,123.03173333333336
154.26662667600002,111.848
72.79998081999999,16.776799999999998
11.70399736,16.950666666666667
86.66664403333333,51.7288
97.06665266666666,145.40079999999998
128.743966648,167.772
187.26396345600003,145.4024
146.29998585,423.6224
31.199991648,142.6056
20.799994408,184.548
76.799988576,318.76640000000003
36.39999021399999,190.14
25.99999602,89.4768
32.933324568,33.5536
51.99998612,83.884
6009.465210526666,782.936
25.99999602,148.19733333333338
144.349309456,671.088
670.7998214639998,469.7605333333333
3670.197975952666,0.0
11.703997975999998,26.21253333333333
72.7999804,587.2008000000001
162.9332883386667,167.772
805.9997857899998,7437.8962666666675
15.5999958,162.17839999999998
1.9506663293333333,92.2728
77.99997963,67.1088
51.999986,100.6632
69.33331392000001,27.961866666666666
2657.199292776,738.1968
128.74398064000002,139.80933333333337
77.99998839,16.776
4956.642626166,2248.1448
129.99998015,212.5112
240.9332974713333,397.05893333333336
5038.799230614,1996.4872
134.9999822,156.58720000000002
239.931965724,429.21493333333336
209.73327759266664,156.58720000000002
3187.388494546666,65.70906666666669
5.199999258,39.14586666666667
62.421324416,348.12640000000005
380.37989457,570.4248
10.399998516,95.07013333333332
135.199964068,223.696
140.39996171400006,111.848
233.99994006,616.5608000000001
5690.531801266668,2248.1448
28.79998372266668,81.7864
206.266636996,223.696
21663.194217592,5802.119466666668
188.93328312066663,78.29360000000001
27.309327117333325,89.47653333333334
103.99998896,67.1088
31.199987784,145.40106666666668
836.8358552840001,861.2296
173.33328726666664,145.4024
25.99999318,39.14533333333333
19.066663858,148.1976
29.259993400000003,39.146666666666654
24.266660301333328,192.936
29.259995600000003,24.289866666666665
32.933328292,109.0504
823.3332126833333,1487.5784
2870.399215056,648.7184
166.399976896,134.2176
4425.198810301999,3690.9864
58.51999076,290.8037333333333
409.5999537493333,135.26506666666668
106.19998599733331,408.244
10789.9971199,4160.748533333333
164.66662258666668,0.0
528.66658574,483.7408
212.39989458666668,134.2176
20.799994544,81.2624
21443.060967759327,4026.5304
166.39997599999995,11.1848
98.799975452,503.3144
164.66664228333337,156.58720000000002
449.59993986600006,88.77733333333332
1322.5331364793333,17923.657066666667
25.99999304,138.41066666666663
31.19999178,281.0168
233.99996994,570.4248
24.26666022666667,71.47706666666669
117.0399824,167.772
20.799994416000004,65.5352
206.26663802733336,0.0
135.19996380799998,111.848
134.595978748,1157.6264
195.8666218433333,134.2176
209.7332783186666,55.924
15019.32937054,3802.8336
2508.799716714668,0.0
109.199970768,111.848
23.407997736,43.16426666666667
25.99999304,0.0
10694.664104060004,3299.517066666667
206.26661192666668,335.544
207.99994472,268.4352
62.42131690666666,19.2216
29.466658835333327,220.89813333333333
143.86664624866668,134.2176
102.2666408246667,246.06506666666672
27.309327117333325,45.6112
95.33329600666669,290.8048
852.7996975839998,754.9722666666668
181.41196459800005,167.772
6.933331477333334,240.47253333333327
51.99999232,0.0
166.39998121066662,413.83706666666666
183.36263088400003,1084.9256
5738.396057506668,0.0
173.3333082,257.2504
180.2666181333333,167.772
129.99996505,33.5544
132.6453133866667,184.548
25.99999306,72.70026666666666
124.799951472,520.0922666666665
107.46663951066664,139.808
4676.532067071999,11156.847466666666
19.066661511333333,92.2728
70.223992032,76.02080000000001
9.599998572,173.36293333333333
25.99999309,60.11573333333333
24.266660152,66.23306666666669
36.399985846,212.5112
1117.7317814960002,1118.4797333333331
171.59995393199998,67.1088
50.717323418666666,268.43386666666663
24.266660301333328,44.73733333333335
80.9999598,164.97493333333333
3520.3986338140003,1577.0568
181.411963792,268.4352
51.99998617999999,318.76559999999995
755.7330653386667,805.3056
130.69463227333333,905.9682666666668
21.457330106666667,128.62426666666664
58.51999076,419.4288
51.99998598,296.396
196.799973678,455.7792
232.26660449066665,1191.18
280.799924508,234.8808
1777.057066106667,3321.8864
77.99997900000001,50.3304
3047.1991796,1152.0344
230.53327259666668,0.0
224.32661944,548.0544
7.802665434666668,48.75653333333333
271.9999692866666,520.092
325.8665790586667,67.1088
52.667994906,262.8410666666667
25.19998970533333,64.83466666666666
347.2186144533334,1431.6544
155.9999586,0.0
19.50666344,33.552800000000005
3100.932493696,671.0864
243.8332730833333,0.0
10.399997336000002,100.6624
119.99998215,41.94
12.133331471333332,89.47653333333334
166.399976896,111.848
27.733326058666663,76.01973333333333
31.199995296,514.5005333333332
266.9333566386667,0.0
641.3331616533333,25.5136
3334.9336244986657,1124.0712
135.19996380799998,156.58720000000002
116.13330447866667,464.168
72.17465255733333,162.17786666666666
169.70795603599996,55.924
5.199998718000001,8.388
237.4665743286667,234.8794666666668
22.533327284,171.9648
241.882600616,234.8808
10.39999726,67.1088
28.79998823466667,69.55306666666668
358.922564608,581.6096
171.59997525,67.1088
243.83326675000004,190.1416
20253.99471059,3355.4408
131.733314536,44.7392
484.1998021953334,167.772
95.33330733666668,167.772
83.19996793600001,111.8464
8784.530890557331,973.0776
25.99999601,766.1584
649.599913116,352.32
159.46664973866666,225.0933333333333
150.799958646,100.6632
11.703997975999998,77.0688
526.67990892,246.0634666666668
25.99999293,8.3872
21746.393994648,4496.2928
334.53328444,2125.112266666666
695.0664851473332,425.0213333333333
136.54663997333336,432.01173333333327
131.7332980693333,246.0656
100.31998340571428,916.7525714285716
511.0745859706668,935.3272
32.93332858333333,198.5293333333333
50.717323418666666,278.2192
166.39996192,234.8808
29.259993400000003,123.03173333333336
21706.52496796933,4557.8098666666665
24.266662961333328,50.3304
714.133140792,1006.632
72.79998042799998,0.0
155.99995890000002,223.696
11.703997712,26.7368
2286.181006736,3881.1256
8028.797863104,1867.8624
135.19996266400003,100.6632
133.46663073333335,67.1088
21725.591627288,5382.688533333333
17.333328673333334,181.7517333333333
198.96797008,441.7981333333333
29.259995600000003,75.49573333333333
357.0665280973333,44.7392
53.73331229466668,103.45786666666667
136.93331310933334,167.772
20181.197857688,19419.6264
31.210663648,46.66
3907.797791369334,0.0
391.7332278666667,3909.089866666666
2035.199727792,3821.009333333334
25.99999602,139.80853333333332
598.3999324306667,279.6189333333333
27.733325792,72.87466666666668
344.933283716,749.3815999999999
8452.799045538,4272.596
168.13330843666662,33.5544
11.703998152000002,32.8536
272.133294188,1040.185866666667
23.407997736,110.2728
107.199985662,183.5
64.371989352,274.0258666666666
36.399985566,178.95546666666667
136.93329599266667,11.1848
963.6294294986668,1666.5352
149.06664447866666,293.5984
24.266660684,65.53359999999999
29.25999668,47.5336
25.99999304,195.73226666666665
169.86664059866663,447.392
179.461298312,0.0
51.99998668,83.884
672.533145024,5396.669333333333
4387.199413212001,834.6642666666668
185.31329634666668,201.3264
31.199995224,396.7101333333334
269.191933484,0.0
19.50666256000001,197.1304
29.2599923,103.45706666666668
776.5332174506667,1968.5248
129.99998145,123.0328
171.59997472199996,508.9072
211.4666109533333,201.3264
1201.199680296,2147.4816
809.4665517846668,1107.2952
201.4999700075,167.772
159.46664452533338,0.0
21143.19442958,3892.311466666667
163.855974128,995.4464
62.99996873333335,262.8410666666667
187.19995032000003,100.6632
28.79998570666667,54.698666666666654
64.133315968,838.8584000000001
135.19998024,89.4784
71.99999036999998,22.368
313.733287118,553.6464
19.50666256000001,278.22053333333326
244.399963622,637.5328000000001
3.9013327173333336,166.37226666666663
148.250625576,67.1088
77.99998998000002,341.1357333333333
110.93329049599998,83.88560000000001
107.28663810333332,89.4784
162.93328865200002,268.4352
571.5452430893332,145.40186666666668
116.13330224533333,111.848
79.97731950266666,285.212
1156.7451072026668,713.0304
117.03998064,78.29360000000001
239.199937256,123.0328
15112.931194272,13673.428800000002
159.9546302586667,33.5544
11.70399824,31.805066666666665
213.19995121,268.4352
24.266663092,38.9696
90.13330875466669,123.0328
2313.490336168,4440.3688
77.99997927,33.552
868.3998674019999,11486.799466666667
6091.930992312,1196.7736
21378.925094221337,4026.5298666666654
175.06661865799998,67.1088
122.892012264,117.4392
76.07597998,15.728
8923.197611328,301.9896
24.266657295999995,55.57226666666667
286.747921698,357.9136
46.799989290000006,352.3205333333333
159.4666243466667,0.0
149.06664545333334,234.8808
8732.531103178664,1017.8168
71.06665576066666,307.57946666666675
255.537296828,355.11546666666675
180.2666181333333,22.3696
235.733270592,335.544
31.210663648,43.16453333333333
19980.130382421336,9663.673866666668
323.8106204080001,643.1250666666667
5.99999852076923,42.74769230769231
98.799961848,67.1088
29.25999538,224.39306666666667
77.99997963,156.58720000000002
97.06664053333331,41.9424
198.96797008,413.8368
25.99999,162.17813333333334
72.7999804,134.2176
20084.13036706133,5284.821066666666
3189.3391607,64.31146666666667
71.06665660799999,0.0
19.066661782666664,142.60373333333337
43.33332173333334,195.73306666666667
10737.99709661,6587.8512
284.26659483466665,850.0448
210.672021024,234.8808
77.99997911999998,27.96133333333333
31.210663648,108.17546666666668
31.199991648,578.8128
974.133193208,2069.188
133.46663150333333,212.5112
181.99997382,380.2832
14868.529170143998,2773.8304
77.99998002000002,268.4333333333333
103.99997188,223.696
349.16927295066665,1104.4976
745.3331349599997,1375.7304
27.733325856,30.0568
27.733325792,69.55466666666669
83.199967872,0.0
39.86665588733332,212.51013333333333
310.15595336,2178.2402666666662
121.5999862693333,173.36213333333333
29.466658472666666,321.5618666666666
237.46660666066663,218.1021333333333
84.9333212466667,67.1088
135.19996365199998,223.696
155.9999586,0.0
9.7499973975,14.4155
33.16132685066666,157.984
11.70399824,34.0776
57.19998460000001,67.108
10757.063993949334,8220.833866666666
31.199992116,53.12506666666666
20.799994368000004,49.10613333333333
58.51999120000001,223.69466666666665
21.599987792,73.0488
1086.5211209306667,964.6896
1398.399812964,480.9453333333333
155.99997726,33.5544
221.8666158933333,167.772
25.99999359,0.0
51.99997964,117.4392
109.199970978,92.2728
20.799994464,66.23360000000001
136.93331337266665,223.696
25.99999308,110.44853333333334
5.85199912,176.16
5789.332478293334,5648.327733333333
31.199987784,201.3248
116.133288488,33.5544
150.79996137199996,0.0
123.06663296533334,246.0656
129.99996384999997,290.8026666666668
10.3999978,89.47653333333334
5.199999206000001,36.34826666666667
162.93328952933334,234.8808
23.39998838666667,62.91306666666666
29.25999538,175.45946666666669
72.799989388,0.0
173.33328606666663,268.4352
60.47065484533333,411.04
58.93331041733333,229.2874666666668
103.99997372,46.4856
903.0665329433334,0.0
28.79998372266668,91.748
3579.3328184599995,1129.6648
70.223988912,367.0005333333333
5820.5317864146655,950.708
20.799996984000003,31.27973333333333
9810.66405552,2785.016
58.93331780666666,67.10719999999999
24.266660208,63.262666666666654
29.25999516,0.0
187.19995716000005,134.2176
51.9999862,0.0
132.64532050399998,346.7274666666667
24.266660152,31.28
103.99998825666664,195.73226666666665
2784.5986180133336,0.0
25.199985757333327,82.312
29.259993840000003,27.96
157.73331094733334,290.8037333333333
183.7333061266667,0.0
173.609308532,268.43440000000004
28.79998372266668,74.272
76.26665569599999,69.90453333333333
149.06664545333334,357.9136
322.399952508,0.0
161.19997675000005,44.7392
1153.599845706,441.7981333333333
1525.4210695386664,1750.4208
236.36354381818185,964.688
77.99998803,176.1592
183.3626308213333,1325.3976
3690.265673133333,1101.7016
57.19998460000001,290.8032
934.3691858013332,872.4144
4.17999934,20.96971428571429
100.79998670933333,388.6706666666668
7351.199030730667,14853.4264
70.22398099200001,276.8216
134.59596964,1140.8490666666669
51.99997964,145.40106666666668
10.399997224000002,117.4384
263.33997453,0.0
102.599923506,67.1088
21604.260758730663,6403.3032
10.399997644,0.0
21.457329784,33.552
25.9999937,71.90228571428571
138.49731042399998,715.8272
5142.798014088,7985.9536
21.599997152,67.2824
12.539997548571426,75.45742857142858
223.99997470666668,699.0490666666668
171.59997498599998,134.2176
173.33330833333332,111.848
135.199963132,0.0
19935.061460547327,9059.696
580.799934418,229.28613333333328
13.866664544,95.06906666666669
469.799808078,0.0
21.599987792,29.8816
25.99998982,19.572
47.99999458,83.884
29.25999538,176.16
20.799991856,53.47546666666667
1357.199803206,201.3264
145.599979392,0.0
386.231939016,545.2576
6052.799106048001,1342.176
98.799973248,0.0
10.399997208000002,53.12506666666666
67.59998999,55.9232
23.407997344,69.204
32.933324377999995,6.6392
155.99994468,44.7392
15.599996058,208.31466666666665
147.33329372333333,89.4784
71.06664753333331,318.76640000000003
254.799930518,1051.3712
31.199991648,159.3816
5318.996158500001,0.0
20260.925509496003,3425.3472
19.06666375533333,192.936
134.595978748,1040.1856
5104.796313200001,0.0
415.99983936,715.8272
17.333331493333336,18.8728
64.13330654533334,192.93653333333333
741.8663779093333,1890.2312
77.99997963,268.4352
147.33331185666665,123.0328
209.733281626,0.0
6.933331477333334,149.5952
51.99997964,131.42053333333334
149.06662802399998,89.4784
166.399935296,156.58720000000002
246.13328126666664,240.4712
331.6132809733333,123.0312
565.1996116866667,0.0
12.133331480666664,167.7704
10207.595952294,2024.4488
24.266660170666665,150.9936
51.999986,123.0328
232.266633524,0.0
29.25999516,111.84666666666668
178.53330854466662,111.848
103.385323334,24.464
159.46660465866668,134.2176
86.66665340000002,218.1016
2833.599621006,3221.224
185.31328064,0.0
38.13332764266666,626.3488000000001
152.15196963200003,223.696
107.99998576,290.8037333333333
4610.664740826665,973.0776
25.99999626,253.4045333333333
10.399997236,19.572
77.99999172,9.786133333333334
161.19997675000005,100.6632
187.199950248,100.6632
180.26661938133336,212.5112
183.7332841493333,201.3264
214.93330572266663,268.4352
29.25999516,55.922133333333335
257.487963216,2074.7808
83.199977376,39.1464
10.399995864,69.90266666666669
27.309327117333325,72.87413333333332
2918.196543445333,4664.0648
136.54664716000002,322.9597333333333
64.371989836,173.364
72.799989388,0.0
20.79999448,71.30160000000001
25.99999443,195.7328
13.654664510666668,144.00293333333332
24.266660068,56.62053333333332
180.266623472,279.62
20.799994872000003,68.15653333333334
187.199949312,827.6738666666668
117.03997108,123.0328
10710.262419634,1073.7408
187.19995032000003,55.924
230.53324307066669,366.3005333333333
57.19999392800001,276.8224
9.599998716,109.0496
6811.99820006,10670.3072
122.891987568,130.0224
23.407994672,88.42746666666666
15.599995824,185.9453333333333
131.73329877866664,78.29360000000001
719.3331407733333,1006.6306666666663
3684.597968011333,0.0
180.2666179253333,156.58720000000002
6386.480986013334,559.24
17.333328693333335,197.13066666666663
5243.808974894288,10210.13257142857
6.9333323280000005,0.0
143.86662793333338,223.696
144.349319372,390.068
19.066659084,174.76186666666666
74.533304552,304.78426666666667
157.73329068466666,178.9568
209.7333039706667,0.0
258.2665981266667,369.0984
337.465239798,950.708
592.7998657080001,447.392
69.33331469333334,0.0
158.003968464,178.9568
187.263963392,492.1312
36.39999442799999,335.5426666666667
51.99999448,342.5330666666666
181.411948416,178.9568
6011.197660255999,1096.1103999999998
25.99998982,103.45786666666667
80.9999598,75.4952
103.9999724,167.772
77.99997978,61.51546666666668
175.55994996,78.29360000000001
48.7666553,184.54826666666665
3855.99948426,1031.7957333333331
864.9332065873334,810.8970666666668
135.199964536,11.1848
48.53332026666666,268.4352
21363.327581666665,3537.194666666666
3477.065287876001,2046.8184
175.0666201393333,33.5544
3868.798953936,1722.4592
22.53333094133333,58.71786666666668
159.46662318133338,100.6632
11.70399692,24.11493333333333
83.19997788799998,145.40186666666668
155.99995782,111.848
495.7331954813333,240.4728
417.599937882,528.4797333333332
51.99998608,16.075466666666667
181.99995401,78.29360000000001
140.39998148799998,0.0
27.73332933333333,35.1256
2085.199481908,402.6528
5.85199912,0.0
551.99993767,349.5224
225.3332756133333,608.1717333333332
72.799980372,100.6624
146.29996210000002,100.6632
175.066621284,201.3264
21609.460815488,4487.904533333333
9.7533315,169.16933333333338
11.70399692,45.436
87.77998548,145.40106666666668
31.199991708,197.1312
136.54663586666666,1079.3328
493.99992438,246.06426666666664
27.309330234666664,69.7288
25.99999612,139.80933333333337
12.133330071333331,120.23546666666664
29.466655208666666,48.93066666666666
117.0399692,156.58533333333338
58.933309964,1174.404
493.9999270400001,436.2072
251.33323492666668,1042.9816
21210.796989698,3830.796266666666
209.599971966,156.58613333333332
32.933320438666655,192.936
38.13332783333333,307.58
936.31985216,1644.1656
249.599966616,285.2112
708.9332250846668,883.5986666666665
175.06661865799998,167.772
164.66662898333337,0.0
3142.3995325680003,1655.3503999999998
183.733284432,704.6424000000001
7.802665376,402.6512
57.199984688,50.3304
23.407997736,95.4184
5.1999989,90.87466666666668
52.66799168399999,184.5488
71.06665286333332,279.6194666666667
25.99999631,352.31973333333326
152.53331174399997,0.0
48.53332021066666,184.54746666666668
117.03997108,0.0
29.25999516,109.0504
11.703997975999998,40.892
275.199963192,279.61786666666666
97.066643408,134.2176
20.79999448,70.0792
129.99996715,89.4784
165.80662252333332,318.7666666666668
20.799994872000003,33.37813333333333
25.99999343,116.04106666666668
27.73332254933333,106.25413333333331
31.21065956266668,66.93253333333334
98.799985408,162.17893333333333
72.799980204,0.0
110.93330530133332,78.29306666666668
9951.063880368,5312.783466666667
497.4665931946666,301.9896
5776.196031536666,0.0
11.703998064,58.36906666666666
79.99999096666666,57.319466666666685
21.457329784,41.94
1252.799769856,0.0
9004.664256186668,995.4472
319.99996386666663,327.1536
31.21066312533333,65.884
1359.9998464333337,2091.5576
207.99994744,290.8048
31.210663648,48.232800000000005
257.487970784,0.0
345.2678867200001,905.9688
11.703998152000002,152.39173333333338
31.199987628,246.0645333333333
570.2666061306668,1196.7736
585.8665339453332,89.4784
117.03996884,67.1088
38.13332312533333,293.5994666666668
11.70399824,42.11546666666667
155.99997756,67.1088
282.5997959,156.58720000000002
3608.799024236,1118.48
31.199991648,322.9597333333333
5227.1962248,0.0
83.19998726399999,444.5941333333334
157.73329141266663,167.772
171.599953866,0.0
152.15195673600002,257.2504
158.00397742799998,223.69466666666665
2703.999603760001,1297.4368
604.7065620933333,1140.8496
60.47065484533333,274.02613333333335
46.8159912,693.456
1.7333328693333334,33.5544
161.19997675000005,0.0
150.79997853999996,134.2176
140.399985096,234.88
25.999993,79.68960000000001
10.399997372,187.344
318.93328635200004,0.0
870.3999017173334,1946.1554666666664
138.49730730000002,218.10293333333328
128.74397069600002,0.0
19068.394968876,3690.985333333334
21252.396991968,3959.42
132.6453133866667,83.8853333333333
81.46664579866666,72.69946666666667
12.133331634666664,141.20666666666662
2363.199683922,989.8544
135.199963132,134.2176
181.411948292,44.7392
57.19999155200001,0.0
25.99998996,53.12506666666666
10.399997108,100.6616
117.03998064,380.2818666666666
3.4666661373333336,62.912
25.99999343,109.0496
552.5995880060001,581.6096
140.399962416,212.5112
831.99977856,2097.1504
11.70399824,30.75653333333333
136.54663941333334,0.0
128.743960708,162.17866666666663
93.631978688,61.514933333333325
77.99998878,377.4848
12.5399967,38.38285714285715
71.06664769733332,111.8472
120.94130927733332,190.1416
107.46663777466664,878.0058666666667
29.2599923,142.6050666666667
136.9333129513333,0.0
18347.32845012,4823.448
132.64529842666664,1012.2234666666668
2343.466042944,2371.1776
176.799930776,341.1352
20.799996936000003,49.2816
689.866480668,1140.8496
77.99998839,117.4392
10.399997232,71.30080000000001
69.33331536000001,33.5536
143.86664669133336,0.0
7070.264784888001,4004.16
2268.799743814667,0.0
29.259995600000003,26.561066666666665
1605.0662326813333,458.5768
1402.5289345279998,1252.6976000000002
29.25999318,0.0
2976.132505739333,704.6424000000001
12497.32994944,4166.340266666666
3023.532514933334,3858.7584
27.733326058666663,83.7088
36.399994624,192.936
1247.99966256,1756.0136
21645.863469738662,7359.602666666668
165.80664297999996,318.76559999999995
24.26666584533333,117.4392
146.2999708,33.5544
64.371989836,346.7288
114.399970784,190.14
292.799966938,418.0298666666666
17191.195431108,11576.277866666667
10.3999978,145.40079999999998
25.99999297,111.84693333333333
36.399996136,176.16
2284.7997420080005,0.0
190.6666159933333,313.17333333333323
13495.99847607667,8802.443733333332
216.66661116666668,201.3264
46.81599260800001,167.7704
76.26665686933332,329.9504
123.06663339133333,212.5096
77.99997900000001,0.0
1.7333326639999995,33.55413333333333
131.733314536,0.0
53.73331917666666,67.10719999999999
24.26666022666667,63.436800000000005
145.59997171999996,0.0
124.842654592,429.21493333333336
20047.851714514283,3640.055142857143
15.599995824,169.16906666666668
166.39997599999995,123.0328
3102.6662120066667,433.40906666666666
5.85199912,162.17839999999998
9047.99648868,1775.586933333333
485.33319837333335,402.6514666666668
211.4666442186666,313.17440000000005
132.64530685866666,123.0328
11224.134227768,5961.5024
36.39999442799999,246.064
6026.798351902,3579.1376
159.46664397333333,0.0
48.59997588,352.32
1503.96377384,0.0
2087.9996164266668,268.4352
138.4973114653333,701.8450666666668
25.99999309,60.11573333333333
356.971898252,1029.0016
31.199991696,14.678666666666665
192.399948496,162.17866666666663
29.466662156,218.1032
692.4865521199997,343.9312
21692.66079296,3512.028
29.25999538,0.0
9886.930705690664,1532.3176
29.466658846666668,145.40106666666668
175.55995008,201.3264
52.66799168399999,822.0816
14130.131333376,10580.8288
261.3893036746667,156.58720000000002
25.99999405,592.7936
345.26794808000005,1677.72
90.133308824,51.0296
4324.665512313333,1767.1984
211.466609896,922.7456
5.199998612000001,106.25413333333331
6929.863772114665,13343.4776
77.99998869000002,145.40079999999998
55.46665841066668,72.70026666666666
187.1999496,55.924
1901.8996711,1073.7408
7732.398834191999,10547.2752
24.266657295999995,32.852533333333334
2182.399753570667,2499.802933333333
28.79998823466667,87.2056
133.466646236,134.2176
117.03998064,78.29360000000001
27.733329248,42.99013333333333
3172.00027694,1230.3264
263.33997012,324.3592
25.99999304,58.7176
158.39993529066666,0.0
155.99997618,111.848
129.9999655,100.6632
122.891980596,33.5544
199.99997325,469.76
388.2666115626665,318.76559999999995
48.76666113333333,71.82560000000001
3354.00029283,1040.1848
71.06665576066666,0.0
20.799994416000004,51.9024
12.133330136666665,103.45706666666668
10.399997236,20.9688
57.199984534,190.1410666666667
35.111993136,192.936
1550.7797668000003,0.0
95.99998716,200.62666666666664
150.79995476,67.1088
29.259993400000003,173.36373333333336
93.599976744,285.21173333333326
164.66663468333337,55.924
97.066628176,251.6568
164.66660263666668,167.772
51.99997996,757.7685333333334
3.9013327173333336,69.7296
31.199992308,114.64213333333332
77.99998803,198.5290666666667
132.64529897066666,156.58720000000002
112.66664968,167.772
68.27332152666668,346.72666666666674
15.605330282666664,81.08773333333333
25.358663789333328,74.97146666666666
10.399998896,47.53253333333333
77.99998839,78.29306666666668
5.199998618,69.90266666666669
36.399990326,44.7376
57.19999155200001,0.0
197.0172963,363.5048
785.1998828239999,1767.1984
573.7332479353332,184.548
147.33331769333333,445.2933333333333
195.86663675933332,905.968
227.06663487733329,0.0
133.46663104133336,44.7392
1907.1997846453328,1179.996
18.80999688857143,41.94
36.39999021399999,195.7336
21604.26359221333,4451.553333333333
565.0665801680001,419.4288
19.506662266666662,139.80853333333332
20449.861766564,8075.431733333333
140.399978562,55.924
25.99999293,52.4264
21.599997152,67.63066666666668
21602.530200966,6766.807733333332
25.99999608000001,430.61413333333337
54.618653936,380.2826666666667
57.199991486,67.10719999999999
103.99998464,120.23546666666664
251.635950894,111.848
5569.198517735999,380.2832
565.69317886,648.7184
31.199995296,525.6856
152.56995661714285,215.7068571428572
8990.798672128001,301.9896
58.51999076,167.772
9897.330653439998,1509.948
676.8812213680001,408.2437333333333
161.19995870800005,134.2176
2180.5330087693333,1297.4368
103.99998524,167.7704
21396.258420874667,4166.34
825.0665422720001,1342.176
77.99996967000001,67.1088
10.399997772,20.269866666666665
62.42132394666667,0.0
135.19996380799998,33.5544
131.73329882933334,123.0328
5896.798430544,18273.18213333333
195.8666146113333,212.5112
155.19998247533331,360.7088
102.399986304,220.2
29.259993840000003,0.0
694.3999215906666,341.25973333333326
187.1999496,346.7288
367.4665698533333,671.088
10857.597110208,458.5768
21345.996970510005,4264.208
135.199963392,447.39173333333326
241.8826068986666,0.0
5781.596027826668,1073.7416
117.03997672,190.1416
237.981283232,492.1309333333335
77.99998851000002,103.45786666666667
986.2665619706668,2035.6336
6011.197660255999,156.58720000000002
27.733326058666663,79.6888
73.59999168933335,61.51386666666669
918.6663408933334,729.8064
15.599998344,138.41039999999998
961.6784714386666,671.088
21403.194871464,6241.1224
24.26666032933333,56.97066666666666
70.22398944000001,0.0
146.29997690000002,272.628
152.15196963200003,246.0656
25.99999666,264.23920000000004
257.487970784,357.9136
135.19997935600003,67.1088
12.5399967,28.46
736.66655815,872.4138666666666
46.799987328,0.0
54.61865845333333,176.15866666666662
22.28571192,104.856
3093.99923126,771.7511999999999
1034.7998901519998,1193.977333333333
27.30932902133333,225.09226666666663
10.399998544,111.84666666666668
138.49729745466666,89.4784
183.36263495733337,548.0538666666667
25.99999343,198.5296
77.99998875,39.14586666666667
979.3329860466664,931.1328
27.73332923733333,178.9544
11.70399692,41.7664
23.407996304000005,138.4112
46.799987562,197.13013333333333
158.003968464,100.6632
25.19998749333333,89.6512
129.99996520000002,83.8848
100.53330665333334,48.23173333333333
21.457329945333328,209.712
197.5999715,301.9896
157.733295538,123.0328
2123.9996098133333,0.0
3083.5991709859995,447.39093333333335
113.3999181,111.848
10.399998452,142.60479999999998
159.9546347413333,201.3264
332.799950464,486.5384
86.66664333333333,704.6424000000001
181.99997473,246.0656
75.21424838571428,257.6477142857143
24.266663092,62.3888
258.2665981266667,212.5112
58.51999076,134.21679999999998
154.10268204533335,156.58720000000002
133.4666335053333,503.316
455.39993995466665,0.0
1178.2024894933334,1711.2744
60.66664132666667,251.656
10.399997108,21.843733333333333
129.99996445,33.5544
27.733325824,75.49546666666666
86.66665343333334,111.84693333333333
10838.531745071332,346.7288
17.33332864666667,92.2728
86.66664513333332,520.0917333333333
81.46664416933335,167.772
77.99997906,67.1088
58.51999076,145.4024
72.79997961599999,0.0
1638.55967968,0.0
271.142613754,134.2176
31.199991648,194.3336
318.9332485706666,402.65173333333325
14757.596106264002,3646.245066666667
783.4664557333334,3528.805333333333
72.17465418533335,369.0965333333333
183.36268496533336,89.4784
58.51999076,134.2176
45.066654689333326,174.7605333333333
695.066477662,408.24426666666665
21117.197758328,4110.416533333333
71.066646768,195.73306666666667
97.06665636266663,0.0
3066.2661961126664,671.0871999999999
124.799986752,201.3264
987.199867962,486.5370666666665
65.86664903466665,324.35733333333326
36.799995078,145.4016
149.06662802399998,100.6632
20162.127874048,6668.941866666666
51.9999862,0.0
38.133327496,223.6949333333333
129.9999494,349.52320000000003
2530.014229145333,1884.638666666667
51.99998625999999,226.4904
157.73329141266663,631.9397333333333
51.99998592,911.56
168.13330908333333,145.4024
51.99999232,0.0
230.53327445866668,699.0488
77.99998851000002,64.31013333333331
136.79998196266666,89.4784
256.53326426666666,0.0
91.86664161533336,234.8808
268.799964048,106.95173333333334
3515.199529842,960.4933333333336
134.595978748,1112.8872
164.66662239666667,89.4784
31.199991516,14.3296
72.79996959199998,212.50986666666668
69.33331466666668,33.5536
21.457331258,99.2632
71.06665630733332,0.0
232.26660449066665,1040.1853333333336
22.53332742266668,91.39866666666668
2457.599671296,822.0821333333333
1.9506661613333327,106.25413333333331
3328.00029056,1096.1096
103.99997184,83.88560000000001
80.9999598,92.2728
35.111993136,174.7605333333333
60.66665133666668,92.2728
94.399987374,79.68960000000001
116.13331671733332,89.4784
31.210659626666665,441.7986666666668
1324.2663376373332,1442.8392
50.26665379066666,285.212
11.70399824,15.2032
3.901332453333333,120.23493333333332
29.466662156,128.62426666666664
176.7999524,134.2176
166.39997459200004,223.696
21181.327557346667,4496.2928
77.99997945,229.28693333333328
23.407994672,75.4952
120.94130200266665,0.0
20829.46377457533,3780.464266666666
142.1332961053333,100.6632
19921.194736206,3713.3536
22.533330066000005,156.58586666666667
89.73065317333334,117.43973333333336
31.210663648,105.20586666666668
6390.3829909920005,402.6528
126.79330473333331,1073.739733333333
70.22398785600001,325.75626666666665
513.0251967486666,1342.176
145.59997961599996,67.1088
79.99999096666666,46.1344
20.799991968,60.292
95.33331980333334,223.69466666666665
71.066646768,0.0
3167.9987058133333,0.0
660.399737364,1062.556
13.654664510666668,188.7416
23.99999729,22.368
739.1999011319999,827.6744
5.851998483999998,156.58506666666668
77.99997660000002,27.961866666666666
157.73331003733333,145.4024
35.111994456,213.2085333333333
187.199950248,33.5544
109.199984418,335.544
80.9999598,64.31013333333331
88.399965388,419.4296
220.1332748286666,1073.739733333333
84.93331023800002,61.514933333333325
7.802665317333333,25.164
241.882619464,78.29360000000001
64.37199032000001,0.0
58.51999076,44.7392
1.9506663293333333,83.884
34.66666166666667,190.14
255.5372891426667,760.5664
29.25999428,22.3696
36.39998599999999,262.8410666666667
2719.5993054559995,576.0157333333333
25.19998970533333,59.2416
1.599999786,100.6616
2066.1325386666667,12090.778133333331
296.399961924,794.1208
604.7065302666666,3780.464266666666
56.56932482666667,163.57573333333335
117.0399824,78.29360000000001
36.399994624,444.5952
152.53329338133332,290.8048
43.33332670000001,564.8317333333333
25.99999304,212.50986666666668
175.55998007999997,201.3264
46.799992944,928.3376
204.81995996,671.088
1013.99985063,17364.4168
79.73331186666667,44.73813333333333
27.733329248,50.3296
146.29997580000003,276.8232
193.11594918,184.548
86.66664446666665,218.1024
21.599987792,41.0664
10590.663803113332,1241.5128
10.399998412000002,83.88560000000001
133.466630528,209.7136
29.2599923,154.48826666666665
21.59998928000001,51.02826666666667
159.46662373333334,100.6632
51.99997964,114.64293333333332
21.599991176,69.2032
20.799994416000004,38.2712
194.133304736,648.7165333333334
24.266660142666662,72.69893333333331
601.4664994126667,603.9781333333333
10.399998516,50.3304
25.99999608000001,117.43973333333336
1176.251695284,950.708
21.599991176,56.97146666666668
29.259995600000003,89.47653333333334
173.609308532,268.43440000000004
21105.06344408533,4180.3216
19933.328074000005,3802.832533333333
1445.3997344746665,0.0
83.199978976,0.0
204.53327826666663,234.8808
25.199985757333327,90.52533333333332
53.733320458,178.956
31.199987784,218.1024
11.703997975999998,32.15493333333333
163.855967408,89.4784
7172.5997154533325,5793.730933333333
28.79998372266668,31.4552
138.66662837333337,78.29360000000001
378.42927642666666,1521.1328
76.26665185333333,0.0
77.99998875,240.472
56.56932482666667,202.7221333333333
155.99997834,0.0
152.15201518400002,67.1088
185.31331230666663,134.2176
148.25063768533334,377.4856
118.99064877333336,195.7328
157.73331034066666,67.1088
140.447986416,349.5234666666667
266.9332946280001,100.6632
273.09336058666673,190.1416
95.99998716,83.884
57.19999392800001,346.72720000000004
47.99999358,209.7128
22.53332742266668,152.39173333333338
11.70399692,48.232800000000005
4262.266032244666,1996.4872
103.99997508,469.7608
256.5332652533333,369.0984
27.309329226666662,137.01306666666667
303.3332156166667,2614.447733333333
1067.199857262,464.1674666666667
25.99999626,335.54346666666675
161.19997538600003,760.5664
27.309327117333325,99.26373333333332
241.8826248373333,768.9546666666665
204.5333038333333,100.6632
21233.331079333333,5270.840266666667
71.06665660799999,111.84746666666666
19.06666159933333,110.44853333333334
81.46664608066666,134.21679999999998
3078.3995488960004,28029.1328
29.466662462,67.63226666666667
228.227938224,827.6738666666668
64.37199032000001,37.22186666666667
39.86665594866668,318.76559999999995
90.13332002133336,33.5544
3974.5327509113336,1476.3936
2611.942273893333,729.8056
135.19996380799998,201.3264
13.866663162666669,100.6616
21401.458402408,4278.189333333333
161.19995659999998,111.848
68.39996605333334,234.87920000000005
102.26663929066666,162.17813333333334
2743.866573797334,2695.5368
216.6666388333333,279.62
56.56932482666667,219.49946666666668
511.99993152,63.960800000000006
119.599982796,184.5477333333333
62.421321130666655,150.9936
124.84263581866664,212.5112
123.06661881266668,145.40106666666668
15.599995824,33.5536
570.2665115980001,0.0
10.399995928,19.572
1156.1328877773333,1901.416
62.399985048000005,123.03173333333336
51.99999234,25.1624
72.79998135199999,167.7696
116.13331560066668,1129.6632
83.1999776,117.43973333333336
140.39996203799998,78.29360000000001
275.59996173400003,178.9568
187.19995032000003,100.6632
143.86662876333338,0.0
155.99995956,167.772
21.599991176,56.96986666666668
98.799974198,178.9568
25.99999613,75.4952
5489.465313301999,2270.514666666666
11.703997975999998,29.358400000000003
10711.99845912,3254.778133333333
10781.330484573333,1666.5352
21.45732849333333,169.16853333333333
154.26664524733334,67.1088
128.26663154133334,704.6408
176.799951516,167.772
1.7333328666666663,44.73706666666666
13124.798517991332,6889.841066666667
145.59995923199995,44.7392
71.06664791600001,0.0
2129.3991301006668,402.6528
181.99995163,134.2176
1403.99978562,838.86
20.799994416000004,40.8928
103.9999724,40.5432
62.399983416000005,234.8797333333333
165.80663357333333,167.772
116.13330193266664,184.5488
181.41201810400003,184.5488
731.4998515,3841.980266666666
10776.130432066666,1454.024
3.9013322773333328,37.396800000000006
72.799989668,100.6632
117.86663511466664,27.96133333333333
513.066588128,260.0448
707.1998076959999,385.8736
142.13331310666663,67.1088
589.1012314586668,1258.289866666667
25.99998982,16.776799999999998
21734.260890367328,4026.5304
180.26661938133336,67.1088
29.259995600000003,92.2728
173.33330926666665,89.4784
2775.59862248,0.0
21072.127733008667,7004.486933333334
493.99992723,206.9181333333333
575.4465758066667,106.25413333333331
9086.130887066663,1096.1103999999998
27.309330234666664,72.87519999999999
145.59997927999996,67.1088
27.309327117333325,49.456
38.133325164,248.85973333333328
28.79998570666667,53.125333333333344
214.93327546666663,380.2832
10.399998544,148.19733333333338
20.799994344,62.388
23.407994672,54.1752
202.79996997,100.6632
23.407994672,51.37893333333333
168.13330895399997,67.1088
233.9999505,989.8536
119.599969778,89.4784
4912.265969502666,11397.320533333334
25.99998989,0.0
8.35999868,35.38657142857143
79.19996069333334,204.12106666666668
112.66664985333333,181.7517333333333
142.13331261466664,123.0328
541.799596058,0.0
3.4666657346666665,78.29146666666666
142.13329555866662,117.4392
131.73331387733333,33.5544
646.5331575259999,0.0
232.12926899400003,212.5112
998.399866464,162.1776
53.73332008599999,55.924
116.13331618133336,153.78879999999998
29.46666566933333,411.0397333333333
60.66665042666666,257.2504
29.25999538,0.0
77.99997963,67.1088
21.599987792,45.61253333333333
25.99998982,159.38133333333337
114.399987856,146.8
20186.394728244,4294.9656
10.399995928,23.7656
1379.1209411839995,1655.3503999999998
10.399997772,16.950133333333333
24.26666354933333,198.5288
76.26664657333333,50.3304
10564.807886453336,1207.9584
117.0399824,134.21679999999998
24.266662952,232.0829333333333
155.99993934000003,78.29360000000001
589.3332490133333,178.9568
329.66257529400013,1767.1984
154.2666253706667,100.6632
45.066647842666654,308.9778666666666
5.199997978,36.348
25.19998970533333,67.80613333333332
58.51998416000001,237.67546666666672
538.1995987419999,268.4352
74.53330460933334,13.9808
585.8665339453332,178.9568
67.599971764,176.1592
10779.597151698,6744.4392
117.03997976,973.0768
98.799973134,56.6216
159.46662397866666,67.1088
11.70399824,19.3968
155.99995914,167.772
155.99995956,67.1088
77.99997906,822.0818666666667
58.5199846,285.2109333333333
138.59998172533338,246.0656
21.599983896000005,60.29093333333333
161.199957778,167.772
159.9546302586667,67.1088
155.99995823999996,167.772
91.199987802,71.30080000000001
2840.932913749333,3937.050133333332
332.799915904,978.6693333333336
81.927981352,83.884
129.99996520000002,413.8376
17.555997096,83.884
77.99997867,61.51573333333332
31.199991648,137.01226666666665
77.99998809,0.0
23.407994672,57.6704
21503.727618302662,4250.225866666667
25.99999601,587.2010666666667
209.7332803353333,190.1416
77.99997963,201.3264
206.399972394,399.8552
202.799945712,27.96133333333333
1837.33306904,3344.2552
25.99998996,191.5376
27.733325909333328,223.69333333333333
547.199938212,307.5805333333333
37.14284708571429,125.828
23.99999679,76.89333333333332
4449.599404866,947.9096
7.802665434666668,25.51253333333333
95.99998572,229.2872
144.34931054133338,771.7504
3057.5990827200008,134.2176
138.6666303466667,167.772
146.29997690000002,202.72266666666664
17.33332873333334,124.42986666666668
25.99999293,10.484
11.703998064,201.3264
11.703998152000002,44.03813333333333
76.26665496266665,89.4784
207.99996928,458.5768
604.7065757333334,1610.6112
135.19996365199998,67.1088
5313.614961247999,1129.6648
58.51999120000001,223.69466666666665
306.7999174,246.0656
25.199985757333327,77.06826666666666
29.259995600000003,95.06906666666669
290.6493623386666,89.4784
21.599991176,56.4456
5.199998601999999,33.55226666666667
17634.928612597334,17090.3888
74.12532218666666,0.0
177.510632026,346.7288
644.799905512,1767.1984
985.08639363,1152.0344
173.33328666666665,100.6632
121.33331597333334,123.0328
3334.932853615999,1342.176
58.51999120000001,0.0
243.8332875,486.53786666666656
21.599991176,62.73733333333335
29.46665874466667,106.2544
29.25999668,50.3296
14761.063799613336,6227.716266666667
11.703998064,40.0184
29.259995600000003,120.23546666666664
39.866655826,57.319466666666685
95.399928874,0.0
93.599976348,184.5469333333333
100.53330580266667,243.2674666666668
10.399997236,36.348
103.99997224,156.58720000000002
155.99996430000002,0.0
2348.602030954667,4831.836
10.3999972,21.843733333333333
134.9999822,313.17440000000005
21210.794322032,10446.611466666667
195.8666152893333,178.9568
2207.99970468,3514.8237333333327
1055.59974422,2304.0688
4414.798811399999,1577.0568
25.199996677333328,62.9128
10550.7971594,4507.4768
220.13324714266665,352.3186666666668
105.73330502933334,78.29253333333334
173.33330793333337,4518.661066666667
100.53330665333334,48.5816
21.599997152,59.0672
251.33326479666667,894.784
56.569326914666654,59.0672
27.73332933333333,38.44613333333333
55.46665192533332,237.67573333333328
103.38529941333334,201.3248
173.3332659333333,78.29360000000001
161.90530101866668,145.4024
83.19998768,78.29253333333334
320.66658144333326,1096.1096
493.9999270400001,257.2504
31.199995356,268.43440000000004
51.99997978,64.31013333333331
109.199971482,293.5992
219.19997524866668,631.9402666666667
28.799996202666662,28.13493333333333
155.9999775,22.3696
21.45733089866666,44.7376
22.533330066000005,127.22613333333332
57.199985172000005,117.43973333333336
665.1772183026668,1258.2896
25.99999309,167.7704
689.866480668,469.7616
142.39863824533336,234.8808
119.599969778,123.0328
271.79996416266664,0.0
23.99999679,159.3824
543.599594716,402.6528
7.802665376,36.17333333333334
266.9333566386667,89.4784
65.86664133333333,503.3152
143.86663119800002,153.78879999999998
1390.399814034,433.4098666666666
21730.79348076,6934.581066666667
60.47065075333333,226.4896
25.99998998,153.78906666666668
10668.665103296667,3758.0944
58.51999076,0.0
14741.99611038,10871.6336
45.06666001066667,335.54240000000004
36.39999021399999,173.36293333333333
7.802664613333333,30.40666666666667
8.666663326666669,72.70026666666666
476.9999371066667,0.0
21.599997152,67.63119999999999
23.407994672,93.14693333333332
114.399969244,2069.188266666666
25.99999315,29.207714285714285
162.93328927866662,0.0
51.999986,917.1536
10.399998544,162.17893333333333
198.96797008,128.62426666666664
1403.99964522,3154.1138666666666
197.599974616,167.772
193.115981322,1811.9376
72.79998135199999,279.61733333333325
11.70399824,20.969866666666665
6.9333323626666665,149.596
1743.89542784,838.86
197.599947484,134.2176
161.19997761800002,167.772
11.703997975999998,85.45653333333334
11208.528728349333,5100.2728
121.33330426,134.21679999999998
77.99998875,67.108
185.71423600000003,185.7462857142857
122.891987568,130.0224
124.8426418346667,201.3264
32.933320438666655,103.45813333333332
57.199986294000006,50.3304
239.931940714,0.0
25.99999302,53.12506666666666
223.59996689,279.62
157.733289168,67.1088
24.266663092,39.84426666666667
705.5999203260001,1740.634133333333
169.86662152133331,145.4024
17.333330873333338,121.63333333333333
166.39995686400005,44.7392
2331.04633366,4205.4874666666665
51.99997992,69.90266666666669
138.6666461866667,290.8048
4955.599262378,1207.9584
519.9999234000001,187.3445333333333
77.99998803,106.25466666666668
81.46665463466667,173.36346666666668
6014.665047333333,503.316
36.399985874,134.21653333333333
21489.86249267333,20020.809866666663
299.86658593333334,3489.6592
39.866655826,12.5808
29.25999516,0.0
20869.327835066662,5212.1208
119.99998645,153.78986666666668
1745.8463253733337,0.0
25.99999309,142.60479999999998
155.99995805999995,100.6632
114.399952216,123.03173333333336
15.599995848,86.68026666666667
24.266660684,72.87413333333332
7491.463687368,905.9688
60.66664305333334,984.2624
25.99999443,206.916
10770.930458322668,3422.5498666666667
179.46128610666668,145.4016
204.81996003,201.3264
100.533293468,0.0
25.99999309,75.4952
18012.79525432,7359.603733333332
32.933324517333325,208.3149333333333
142.39864204133335,1157.6264
21453.460923738665,4406.813333333333
243.8332673333333,1073.7392
31.199987784,199.92586666666668
27.73332596266665,218.10186666666667
1076.767708544,2533.358133333333
28.799996202666662,62.21386666666668
5767.196037719999,0.0
20.799996984000003,43.86373333333333
69.33331253333334,0.0
21.599991176,67.4568
50.71732456266668,184.5488
25.99999621,201.3250666666667
103.99997372,45.086400000000005
190.66663740666667,223.696
7.802665493333333,36.52346666666666
11627.196985872,15211.340266666668
128.74398064000002,385.8752
438.89988015,615.164
131.7332980693333,380.2832
21059.996784300005,3998.568
27.309327117333325,60.990666666666655
142.1332951213333,33.5544
11.70399824,20.79413333333333
11508.93160266667,3433.7344
291.1999671186667,813.6925333333334
852.799666096,1543.5024
179.46131297066665,145.4024
46.81599296,35.30026666666667
157.73331058333332,190.1416
105.73330474466664,11.184533333333333
72.799988828,335.54213333333337
54.61865639999999,693.4568
25.99999296,11.184
77.99997660000002,0.0
77.99997978,156.58666666666662
369.19990273,503.316
15.605330869333336,11.881866666666667
142.1332951213333,201.3264
133.46663016866668,67.1088
2431.8660203513336,10189.3608
5622.498025637501,0.0
69.33331506666667,0.0
124.799981184,254.45226666666665
1960.41946936,2650.798933333333
164.66662607,754.9736
112.66663616,0.0
31.199995212,218.1024
21559.191691416003,4865.390933333334
38.13332783333333,195.7328
29.259995600000003,121.6336
58.51998636,464.16826666666657
117.03996968,0.0
10.399997216,67.108
25.99999631,46.1344
7.802665144,201.3248
1681.332886486667,872.4144
159.95463545200002,369.0984
2281.5996948360003,274.0269333333333
126.53329946133336,117.4392
5.19999862,64.31146666666667
11.70399692,22.5424
29.259995600000003,142.6056
388.2666070826666,704.6424000000001
143.86664547400002,297.7936
223.599912452,838.8592
88.399975894,100.6632
14800.931238432,2281.6992
135.199947532,67.1088
161.19993731800002,100.6632
69.33332346666667,167.77120000000002
25.99999617,192.9368
3362.666153213334,209.7144
162.93331052266666,234.8808
7.802664613333333,69.20346666666666
51.99998,397.0602666666667
9949.329491359998,5200.936
10637.463802733337,2986.342666666666
60.66665773,311.7744
468.15990496,2415.9176
21501.99422754,7426.713066666666
110.93330385066665,156.5856
239.931934482,55.924
21638.927665597337,5122.642400000001
168.13330979466664,111.848
677.7330929986665,223.696
4125.332747853333,1733.6434666666669
86.399987148,301.988
48.53332610933332,123.0312
823.3332117333333,2236.96
29.25999416,344.53
9.599998572,69.904
84.93331059733335,61.51386666666669
146.2999708,0.0
7.802665434666668,16.426133333333336
65.86664885733333,0.0
25.199996677333328,65.8848
2411.199727735333,0.0
1.7333328673333332,53.12506666666666
162.93329003066663,201.3264
29.466658846666668,174.76026666666664
25.99998982,82.48586666666668
178.5332865026667,33.5544
799.0664542993334,394.2626666666668
155.99997996000005,0.0
20694.258675496,3942.6432
152.53331109866662,33.5544
173.33328579999997,55.924
24.266660301333328,33.72693333333333
155.99995776,268.4352
15029.729338892665,9686.044266666668
9.599998716,75.4952
31.210663648,37.047466666666665
1546.133107954667,754.9741333333333
88.3999762,603.9784000000001
25.99998982,58.7176
511.0745629146666,2617.244
23.407997736,101.1864
275.5999258,1084.925066666667
90.13332050666666,3019.8968
77.99997978,83.8848
161.199975262,167.772
71.066646768,0.0
58.93331760266668,246.06426666666664
304.30403036800004,301.9896
219.5998910133333,514.5008
21437.860804234664,6571.074666666668
206.7706873013333,134.2176
20.799991984,100.6616
678.8318877119999,307.58
37.06266025733333,16.776
1960.399478986,850.0448
25.99999724,103.45786666666667
25.99999613,55.922133333333335
69.33332352000001,279.61866666666674
830.983775072,2147.482666666666
133.4666329406667,100.6632
239.931952276,0.0
178.53326439199998,257.2504
35.111994456,234.88026666666664
185.599975176,503.31493333333344
21387.596849442,4683.637333333333
64.37199032000001,201.32586666666663
4.799999286,50.3304
93.59995354666668,201.3256
9.75333142666667,130.0224
633.9665713333334,1744.8288
779.9997923999999,1459.6152
155.99997738000005,55.924
178.53328526666664,33.5544
76.07598856,0.0
129.99996485,0.0
119.599981968,198.5290666666667
83.19998931200001,83.8853333333333
7291.590081159998,883.5992
50.71732456266668,290.8037333333333
202.799969034,492.1312
58.51998636,121.6336
217.599970896,483.7408
152.53329572799998,637.5322666666667
25.99999613,148.19786666666667
80.9999598,58.7184
138.66662954666668,0.0
51.9999862,89.4784
11.703997975999998,68.5048
62.42131878400001,346.7274666666667
600.8052294346668,1062.556
31.199987784,117.4392
27.733326058666663,80.564
83.19998803200002,41.9424
247.734598002,246.0656
20.799996936000003,57.319733333333325
103.99997236,128.62453333333335
850.4905323786667,704.6415999999999
3.9013327466666654,32.504
27.309327117333325,55.57253333333333
29.466662314666664,184.54666666666665
58.51998416000001,326.5542857142857
192.399971362,419.428
83.19998726399999,201.3264
130.69464406533334,1124.0714666666663
10.39999726,111.84666666666668
107.46663951066664,145.40186666666668
24.266660684,61.34
15.599997606,100.6616
343.9999611566667,490.7312
19805.063627350664,7060.410400000001
155.99995823999996,145.4024
27.30932717333333,226.4904
135.19996495200002,67.1088
138.49730578533334,212.5112
23.407997736,35.82533333333333
985.0864666866664,603.9792
53.73331894933333,234.87920000000005
526.9332555093333,570.4248
20.799994544,41.9416
247.86660136333333,0.0
11839.998663066668,4932.5008
509.5999247360001,1879.0464
478.3998669679999,156.58586666666667
176.79995253599998,22.3696
214.9333013413333,671.0864
109.199970768,134.2176
11.703998064,61.16453333333332
10495.329171529998,2013.264
86.66664336666666,0.0
71.06665608866666,72.70026666666666
181.411948292,156.58720000000002
100.53331902666667,246.0645333333333
58.51998636,369.0968
71.06664734199998,0.0
26.99999644,68.85466666666669
1.950666286,162.17866666666663
10751.863920805334,4071.270133333333
147.3333114033333,41.9424
235.73327122666663,0.0
3165.0661955586665,18692.612533333333
83.19998726399999,388.66986666666656
31.21065956266668,88.95226666666666
107.28664811333334,911.5602666666668
20813.86123104533,4876.5768
71.06665163333331,44.7392
77.99998848,61.51386666666669
5.8519989,183.14986666666667
152.53331004266667,167.772
1899.732873013333,12437.507733333332
245.783952036,111.848
86.66665436666666,3959.420533333333
29.259995600000003,47.53413333333333
77.99998878,139.808
21146.6610384,4599.751466666667
51.99997964,0.0
100.53330665333334,47.184
89.73065114933334,1834.3064
2702.265591996,12493.431733333333
20912.663473463334,3886.720266666666
138.66662954666668,100.6624
81.466644608,47.5336
58.51999120000001,201.3248
159.46664452533338,123.0328
265.20002315399995,0.0
5516.484462309333,4641.694666666667
138.66663013333334,0.0
155.99996154000004,411.0394666666667
25.99999359,62.912
103.3853154546667,262.84133333333324
110.399987534,78.29146666666666
27.309330692,75.496
1102.399831672,1062.556
20957.72772310933,5547.6648
34.66666134666667,620.756
29.259993840000003,34.950933333333325
95.33331049,111.848
68.27332204,67.10719999999999
11.70399824,30.40773333333333
131.73328246399998,525.6848
51.99999262,218.1032
25.99998998,173.36346666666668
31.210659392000004,0.0
2572.9289464266667,805.304
29.259993840000003,18.172266666666665
50.26665313333333,83.88506666666667
146.29996210000002,33.5544
31.210663648,34.252
71.06664846266665,125.8272
764.399886222,900.3746666666665
102.26663870066666,100.66213333333332
65.86665655866666,123.03253333333336
21066.93019760133,5899.985333333332
154.1026315906667,67.1088
41.399979453333344,257.2498666666667
2875.199615442001,1012.2224
36.399994442,83.884
1884.1328354873333,2829.7544
25.99998982,71.30080000000001
339.41595151199994,2192.221066666667
17.333328893333338,100.6616
823.1811909786668,615.164
81.59998908600001,0.0
485.33321368,1107.2952
10.399998492000002,19.572
8926.664283933334,3937.050933333333
24.26666022666667,52.952
19.506663586666672,156.58613333333332
24.266657295999995,70.07813333333331
20.799994432,35.64933333333334
155.99995914,290.8048
31.199991648,92.2728
14897.996069220002,4093.6392
31.199992032,286.60933333333327
36.399994624,251.6568
71.06664734199998,83.88560000000001
181.79990977333333,626.3488000000001
77.99997900000001,743.788
15424.929227928,4655.676266666666
29.25999494,39.144
51.99998576,67.1088
190.66663843333336,0.0
25.99999602,117.4392
279.06659518266656,44.7392
4.799999358,69.90266666666669
25.99999405,452.984
8642.398723584,3120.5592
185.4666198006667,67.1088
24.266662942666663,125.8272
11.703997536,30.23253333333333
11.703997712,46.310666666666656
51.99998754,218.1016
21645.858324682667,3914.6818666666654
64.37198741600001,223.6936
1369.5998168160002,1845.492
95.99998716,198.18
606.6665798666667,313.17440000000005
146.2999667,234.8808
57.199991244,229.28586666666672
887.466476544,1778.3832
5803.196012986667,0.0
3.9013323066666654,35.64986666666667
3733.574965164,536.8704
10.399998412000002,55.92266666666666
27.733325952,177.55706666666669
4060.797704896,0.0
1.7333328706666669,69.90293333333332
981.1851341453332,469.7616
11.703998064,72.17439999999999
103.99997236,117.4392
79.9999881,335.54240000000004
22.53332987533333,204.12106666666668
25.99999626,654.3104000000001
296.3999202,704.6424000000001
25.199985757333327,45.6112
175.06662020666667,134.2176
31.21065956266668,88.60213333333331
25.99998989,0.0
24.266660152,61.3392
143.86664624866668,201.3264
27.733325792,6.638666666666668
3688.197966026,0.0
8484.665403756666,6766.809333333332
11.703997975999998,77.592
19857.058792576,7745.48
3956.397763901333,0.0
25.99998982,237.67573333333328
889.199905608,1207.9584
2719.228863090667,2393.548533333333
31.21066312533333,30.756
183.36268496533336,167.772
28.799996202666662,34.076800000000006
29.25999538,19.572
1982.9325569386667,704.6424000000001
582.399922104,620.756
129.99996445,11.1848
1308.6663324533329,2192.2208
58.51998416000001,296.3957333333333
1.7333328680000002,142.6056
77.99996967000001,139.80960000000002
50.71732532533333,687.8642666666667
4085.999249386667,5368.705866666666
6.49999824,15.728
201.0666385173333,167.772
51.99999224000001,137.01306666666667
7.802664906666666,111.84666666666668
10.399997208000002,100.6616
36.39999021399999,184.5488
1190.799818174,1202.3648
29.25999538,210.41253333333333
7.802665434666668,35.650400000000005
138.49731250666667,419.4288
97.06664042133332,206.9173333333333
83.199977504,50.3304
2062.666111333333,3567.9512
140.39998012799998,0.0
20.799996936000003,57.6696
190.66663924,134.2176
77.99998878,195.7312
4603.732678186667,2818.5696000000003
25.99999612,67.108
136.93331332,167.772
5718.265131532,3847.572533333333
190.66661562666667,89.4784
36.39999442799999,251.6568
53.733325335333326,72.70026666666666
11.703997975999998,47.009066666666655
38.133323066666655,232.0832
175.5599736,380.2821333333334
25.99998989,41.94
155.99995823999996,380.2832
25.999993,176.1592
3.9013327466666654,12.930133333333334
102.2666408246667,234.8797333333333
158.39993529066666,55.924
322.399915432,223.696
232.1292870026667,313.17440000000005
20.799994416000004,34.6008
1423.7997384426667,447.392
7.802665376,33.55226666666667
5.851998987999999,89.47653333333334
103.99997188,279.62
53.73331917666666,16.776799999999998
51.999986,44.7392
19914.26362591133,4557.8096
47.99999458,111.84666666666668
159.46662318133338,0.0
159.46664397333333,123.0328
173.33326639999996,246.0656
60.47065711866666,204.12106666666668
280.799962976,0.0
88.399978818,134.2176
1182.1330468933334,1923.7856
58.51999076,120.23546666666664
518.2664501906667,3556.7672
168.13328735533332,257.2504
138.49729911133332,67.1088
74.53331326666667,0.0
25.99999602,67.1064
1139.189162026667,1358.952
478.3998669679999,201.32586666666663
135.199964588,0.0
161.19995672400003,268.4352
58.51999120000001,163.57573333333335
11.70399824,87.55333333333331
62.399984016000005,33.5536
58.51998988,364.9024
24.26666027333333,26.38693333333333
100.53331798266667,69.904
10.3999972,36.52373333333333
95.33331049,335.54240000000004
136.93331316200002,1820.325866666667
161.19993731800002,201.3264
58.51999076,212.5104
225.3332997933333,525.684
93.599974476,67.1088
169.70797448000005,218.1024
1426.5329492666665,1644.1648
93.599976348,190.14026666666663
36.399985972,0.0
83.19998931200001,123.03173333333336
665.599741696,1420.4696
275.599960674,357.9136
136.54663997333336,444.5944
72.7999804,788.528
1730.2409950906667,0.0
1.7333330859999998,104.856
596.2665315893332,0.0
154.10264001733333,1358.951733333333
145.599979336,637.5336
58.51998988,178.95493333333332
129.99998104999997,0.0
263.33993493,0.0
10280.3978253,5592.403466666667
25.99999309,79.68960000000001
58.51998636,113.2448
31.199991516,14.3288
134.59596936399998,212.5112
103.999972,436.2072
27.733325973333336,60.46533333333334
77.99996907,0.0
81.46665463466667,0.0
223.599971276,436.2072
366.725233192,637.5336
983.135800416,838.86
60.47065459733333,176.1584
1003.599855636,1084.9256
21.599987792,48.931466666666665
36.399985748,192.936
11.703998064,46.310666666666656
79.97731737066665,659.9024000000001
190.66661606666668,234.8808
56.569320148,285.2112
209.7332803353333,1761.6064
117.86664925866664,206.9176
202.79997075,134.2176
29.25999494,190.1405333333333
109.19997064199998,1006.6312
25.35866089466667,81.78693333333332
83.19997763199999,145.40186666666668
71.06665630733332,0.0
4.799999358,142.6056
961.6784714386666,1107.2952
133.46663165733335,44.7392
29.25999428,67.1088
3087.0658509686664,626.3488000000001
48.53332019199999,768.9533333333335
27.309330234666664,57.32026666666668
1187.3331579733335,995.4472
532.1331917040001,2684.352
169.8666211946667,33.5544
161.19997675000005,134.2176
21304.396861698,4641.6944
83.19998799999998,150.9936
362.266526776,782.936
129.99998104999997,178.9568
5238.131310608,2113.9272
11495.276938053332,2919.2338666666665
24.26666022666667,65.88453333333334
77.99998131000002,22.3696
161.199955856,480.9464
21.59998928000001,94.54426666666666
163.855962704,111.848
346.6665757333333,0.0
788.6664540300002,335.544
77.99998839,195.73306666666667
2941.71397344,11114.904
19879.594747198,3019.896
154.2666253706667,145.4024
6938.532596781333,559.24
5.1999992520000005,92.2728
10.399997224000002,139.80906666666667
2307.6383370040007,4697.62
1416.5997397653337,0.0
27.309330234666664,66.05813333333332
53.73332541799999,12.5808
155.99995854,190.1416
22.533327778,170.56746666666666
821.5997800640001,13.9792
51.99999226,162.1776
10209.790352218666,1778.3832
1148.9424938933334,1582.648
83.1999776,55.92266666666666
103.99997372,1224.7336
180.2666175093333,89.4784
20.799997008,50.32933333333335
109.199984418,111.848
24.266663166666664,49.2816
31.199992008,184.5488
2351.249363571429,5015.187142857143
119.599982336,134.2176
286.747950412,525.6856
15.599996004,75.4952
376.1332792280001,480.9464
25.99999301,167.77120000000002
1314.7490664293332,3221.224
11.703998064,42.64026666666667
11.703998064,32.85413333333333
128.74398064000002,39.14613333333333
1494.1327563679995,1644.1656
181.41196459800005,223.696
87.77998482000002,385.8736
50.26665953266667,285.2112
21352.93106663733,4082.4544
58.51999076,15.727466666666666
142.99996172,139.81
11.703998152000002,25.3384
10789.9958002,1856.6768
152.151970308,134.2176
180.2666181333333,100.6632
160.1999345553333,33.5544
1394.9997437333334,0.0
8163.199078238668,7516.190666666668
20.799994544,78.99066666666668
21508.930164902,4711.5997333333335
258.2665981266667,458.5768
76.266646896,33.5536
146.2999708,33.5544
107.466638808,117.4392
51.9999862,167.772
46.815990656,150.9928
208.7212925306667,682.2728000000001
64.37199080399999,343.9312
91.68130325333334,67.108
311.99991780000005,905.9688
6.933331746666666,0.0
117.0399824,0.0
29.25999538,8.388
159.46664366666667,145.4024
29.259993840000003,24.465066666666665
72.79998042799998,0.0
117.866621152,520.0928
23.40799472,213.9072
25.99999602,142.6056
250.19987582666664,134.2176
2953.599604956,1275.066666666667
1111.87978264,908.7653333333336
256.533263872,827.6746666666666
10594.131825706663,984.2624
131.7332973093333,201.3264
253.58661718,33.5544
110.933304576,190.1416
169.86662093333337,67.1088
233.99994006,626.3469333333333
247.734614512,531.2776
142.1332952853333,67.1088
67.599981696,89.47653333333334
136.9332847746667,78.29360000000001
449.99981616666673,268.4352
158.00397505200002,346.72720000000004
3007.33290074,3769.278133333332
265.20002315399995,0.0
22.53332742266668,192.9357333333333
10841.99579247,2762.6456000000003
23.407994672,69.0304
181.411948292,234.8808
32.933324416,58.7176
20.799997,38.4464
294.6665873333333,1224.7349333333332
263.33993493,0.0
51.99998,262.84133333333324
100.53331906533334,229.28773333333328
506.1332605280001,458.5768
10354.929278978669,3702.170666666666
2842.120777730667,8153.724266666668
686.3998986239999,1308.6216000000002
136.5466451066667,788.5269333333332
23.407994672,70.95226666666666
135.199979616,452.9832
209.7332803353333,167.772
21619.860812672,3928.662933333333
23.407997736,30.9304
25.199985757333327,77.94213333333332
181.41196459800005,55.924
17.333328693333335,160.78053333333332
60.47065980533333,55.746666666666655
9001.198642895999,592.7944
29.25999516,125.828
51.99999234,16.7744
22.53332763933333,205.5184
129.9999808,145.4024
162.93328971733334,67.1088
31.199987868,62.912
150.79995939999995,178.9568
77.99998875,89.47706666666669
1137.0664930453331,671.088
25.19998749333333,50.8528
21.599991176,68.33093333333332
68.27331536666667,26.21146666666667
109.19996724,167.772
332.7998696960001,489.3341333333334
10765.728836569331,7818.1808
305.066621728,0.0
9.753332390000002,12.581066666666668
147.33329514,234.8808
176.79995280800003,156.58720000000002
620.7999299013333,385.8733333333333
121.3333177466667,262.84186666666665
24.26666022666667,69.2048
95.33330818000002,0.0
23.407994672,96.6424
7314.665625733332,9730.7824
27.733325909333328,117.4392
17.333328693333335,190.13946666666664
9.75333106,152.39253333333332
36.39999167,704.6415999999999
110.93330530133332,67.1088
53.73331229466668,380.2818666666666
77.99998851000002,46.1344
812.9332123313333,889.1912
187.199949888,223.6944
136.93331310933334,234.8808
181.99999384000003,134.2176
9593.377151922665,1118.48
227.0666085026667,134.2176
667.1999246620003,310.37626666666665
755.733224624,2231.368266666666
358.799947146,945.1138666666668
164.66660263666668,0.0
20919.5943678,3825.203466666667
20.799996936000003,62.21413333333332
561.791911296,232.0829333333333
617.599917396,542.4618666666667
21285.32752898667,15390.2968
50.26665516333333,257.2485333333333
925.599901744,2147.4816
149.06664522399998,290.8048
181.99994974,313.17440000000005
322.399915432,0.0
130.6946328093333,111.848
117.86663688266668,0.0
224.32663462,917.152
3.901332688,31.28053333333333
5489.175133287999,6934.5808
25.99999309,78.29146666666666
187.199973432,5748.990400000001
105.733305192,27.9616
24.26666022666667,35.99946666666667
29.259995600000003,41.9416
5.8519987680000005,162.1770666666667
239.199937256,134.2176
1438.1997357973337,850.0448
31.210660565333328,150.9936
5059.59866699,3243.593066666667
1180.1531558666668,1258.2888
58.51998856,191.5384
77.99998077000002,89.4784
1119.6824898746663,2113.9272
5.199999258,78.29146666666666
433.333271,1454.024
143.86664547400002,459.9730666666665
31.199991648,144.00373333333337
23.39998838666667,60.9896
24.26666022666667,72.35119999999999
155.99995734,0.0
100.31997329142855,119.83714285714284
58.51998988,411.0392
25.99999602,212.50986666666668
51.99997964,0.0
187.199950248,134.2176
11.703998064,70.77706666666668
187.199949744,0.0
145.59996029599998,234.8808
103.9999724,42.29066666666666
78.39999114733334,48.93066666666666
11.70399692,37.7464
152.15198528400003,268.4352
680.7825284626666,3103.7832000000003
86.66665383333331,290.804
11751.998332120002,2977.9538666666667
77.99997879,0.0
286.74795688000006,13.105066666666668
11.703997975999998,45.7856
155.99995847999998,671.0871999999999
39.866651057333335,220.8992
150.20129170200002,33.5544
103.99997372,37.7472
5.1999992420000005,111.84666666666668
5.851998636000001,104.856
341.46657525866664,391.468
24.266663148000003,63.786666666666655
25.99999306,176.1592
71.06664734199998,0.0
122.891978748,419.4288
148.250625576,134.2176
154.26662566733333,480.9456
60.66665035666667,50.3304
72.79998963999998,0.0
655.4238965119999,290.8048
6997.463951111335,1912.6008
155.99995800000002,100.6632
294.399960624,288.0066666666667
11.703998064,79.864
21.599991176,66.23386666666669
36.39999475,234.8794666666668
521.7332562773333,279.62
5005.865326634666,754.9741333333333
31.199987784,163.57706666666667
130.69463187133334,262.8416
83.19998768,128.62373333333338
214.5732777466667,301.9896
52.66799208000001,160.78133333333338
13.654664510666668,218.1008
21271.460939733333,4222.2648
24.266663092,55.048
336.266617132,134.2176
28.79998823466667,68.68
10160.798499328,335.544
25.99998982,67.1064
51.99998668,257.2498666666667
25.199996677333328,64.4848
95.33331958333332,240.47226666666663
599.7331702519999,0.0
5792.799111028001,1006.632
86.66664420000001,89.47706666666669
213.19994383,0.0
23.407994672,55.04853333333333
154.2666257266667,0.0
77.99996907,128.62426666666664
22.53332742266668,184.548
3029.865847437333,357.9136
124.842654592,156.58720000000002
129.99998145,100.6632
659.3251598266667,503.316
135.199963444,111.848
301.5999187999999,503.316
50.717321512000005,419.42933333333326
21.599987792,36.52373333333333
129.99996520000002,346.7288
152.15198528400003,134.2176
24.266662961333328,150.9928
455.866599514,178.95546666666667
21618.13026522133,4893.353866666666
24.266660170666665,180.3528
43.33332128333333,366.3013333333333
920.3997522,10670.308
13.866662938666662,201.32346666666663
93.599975124,201.324
202.799969034,771.7511999999999
147.33329264666668,100.6632
171.599955054,167.772
10018.66400016,212.5112
51.999986,190.1416
310.2666064033333,301.9896
131.73330004533332,145.4024
17.333328953333336,183.9030769230769
124.799966592,335.544
77.99998215,0.0
10.39999726,67.10719999999999
60.47065757333333,268.4336
62.421323008,386.572
181.411950462,0.0
168.1332880666666,100.6632
17.555996304,142.6056
161.19995659999998,0.0
233.99994645,413.8376
424.6665523333333,1235.9184
155.99996004000005,503.3144
6061.465808735999,1096.1103999999998
51.999986,173.3624
27.733326986666665,570.424
95.33331976666666,335.544
65.86665691333333,16.776799999999998
180.2666181333333,78.29360000000001
159.46666126933337,201.3264
136.93329694066665,167.772
187.199948736,548.0551999999999
1.7333330773333333,176.1592
11.703998152000002,45.08693333333333
86.66664476666666,100.66213333333332
197.01728229466664,78.29360000000001
69.33332346666667,0.0
48.533314498666655,234.88026666666664
1041.655827696,1582.6477333333337
77.99997900000001,240.47253333333327
204.81994323,44.7392
52.6679901,738.196
25.99999309,11.184
23.407996128,55.921866666666666
24.266660301333328,139.80933333333337
2292.0330059000003,4272.596266666666
284.79736175466667,111.848
2795.3986126533337,0.0
11.70399692,33.028800000000004
27.309327117333325,69.7288
136.54663073333333,917.1530666666667
873.599784624,2203.4056
202.799970048,637.5336
87.77998482000002,508.9072
3963.199469922,725.6122666666668
155.99997612,234.88
310.26662096199993,528.48
29.25999318,0.0
9883.465218358668,2248.1448
13.654664510666668,183.1496
244.399904308,1431.6544
7.802664906666666,30.232266666666668
114.399969596,1101.7024
142.3986291933333,1118.479466666667
11.703998152000002,32.50346666666667
204.81996766,300.5906666666667
21640.66095686,13365.8464
15.599995782,95.06906666666669
21231.5942838,3886.720533333333
30.59998749933333,66.05839999999999
119.599982888,0.0
77.99998839,145.40106666666668
83.19996793600001,134.216
142.3999839206667,620.7546666666665
10838.53046945933,5514.109333333333
155.99995812,553.6464
143.86662693733336,156.58720000000002
10689.464405433331,8388.6064
138.49730209333333,1381.3216
21262.794283578,5899.985066666666
24.26666354933333,192.9344
3697.1979610626654,0.0
17629.730729557334,4921.315466666667
43.33332341666666,380.2821333333334
3196.265990533333,1476.3936
25.19998970533333,59.0672
155.99995890000002,475.3533333333333
212.6226298973333,246.06506666666672
233.99996661,0.0
24.266660095999995,67.98133333333331
5675.199155814002,3411.3645333333334
253.799896318,738.1968
6009.464327597333,861.2296
24.266656530666666,197.1304
211.4666109533333,469.7616
295.99996041,559.24
172.799980488,324.35733333333326
209.7333039706667,0.0
11.70399692,49.455466666666666
140.447976768,388.67013333333335
135.19996266400003,44.7392
10822.931701568,9305.7608
103.99997128,0.0
142.13329588666662,100.6632
74.53330460933334,41.9424
98.79998575,95.06986666666668
2755.798632306666,0.0
3947.397768988,0.0
9.753331866666668,167.772
199.3332565133333,1054.1669333333332
29.259995600000003,30.756
285.99992399,592.7944
58.51998668,27.96133333333333
25.99999306,251.6554666666668
10633.082241144,872.4144
77.99998215,0.0
32.933324517333325,114.64213333333332
195.8666377386667,648.7184
181.99997319,458.5762666666665
29.259995600000003,146.7992
146.2999667,201.3264
3070.7977105480004,0.0
168.13330067666666,257.2504
2617.794273013333,894.7818666666667
155.9999775,167.772
767.8664599333334,3305.1088
74.533313066,0.0
439.1999420906666,0.0
118.99067854133332,67.1088
10679.063824392,123.0328
65.86665002266666,76.89333333333332
79.19995523733333,89.4784
1.7333330686666668,33.552
25.99999602,204.12186666666668
129.99996629999998,0.0
29.2599923,121.63253333333336
5995.597495684,223.696
25.199996677333328,66.75706666666667
25.99998982,67.1064
159.46663293333333,257.2504
181.99995163,123.0328
316.799964228,427.81626666666665
77.99997888,16.776
6028.531728816,2684.352
168.13330908333333,156.58720000000002
95.58267620533336,27.9616
197.599946952,0.0
25.99999603,0.0
341.4665767033333,659.9032
210.672021024,156.58720000000002
122.39998386133333,324.35733333333326
190.66661445333327,243.2674666666668
135.199964536,44.7392
21403.19436108,3937.050666666666
14787.064408795335,2810.181066666667
27.309330692,86.5056
332.79991232,984.2624
60.66665773,0.0
797.8224867066666,3489.6584
135.199952056,190.1416
25.99999636,137.0128
34.66666144000001,385.8738666666666
235.73327122666663,0.0
109.1999769,134.2176
50.266659242666655,255.8504
140.44797888000002,218.1016
27.733326058666663,87.0296
11.70399824,47.00933333333335
195.86661423466663,139.80853333333332
145.59996085599997,234.8808
471.59993781866666,0.0
79.73332109733333,139.80826666666664
20.79999448,28.484266666666667
383.0666123006666,1666.5352
466.20925271066665,301.9888
886.3998999106668,395.96613333333335
233.99994087,223.696
21833.063324528,3872.739466666667
57.19999155200001,33.5536
77.99998851000002,47.53253333333333
10.39999762,0.0
17.333330773333333,153.78986666666668
31.21066173866668,35.64853333333333
168.1332881313333,145.4024
221.866605824,234.8808
56.56932440133333,27.2608
120.94131423733332,67.1088
239.931953178,201.3264
33.161329570666666,50.8536
311.9999172,458.5768
233.99994006,666.8914666666667
23.99999679,83.884
77.99998029,27.9616
41.5999912,0.0
752.266555852,956.3
27.309330692,108.7008
142.39863882933338,1308.62
24.266657295999995,59.06826666666668
150.79994020200002,246.0656
6628.2648234986655,615.164
1622.399568816,1901.416
122.39997751466666,0.0
228.799936816,1235.9197333333334
10.399997336000002,184.548
24.266660301333328,80.2152
1.9506663733333327,67.1064
91.199987802,61.51386666666669
287.99996148,268.4336
157.73331094733334,279.6184
25.999993,2717.9064
103.99995928,114.64293333333332
157.7333130706667,0.0
115.08931083466663,215.30533333333327
31.21066312533333,63.9624
161.19995666199998,100.6632
171.59997525,145.4024
17.333328673333334,226.4904
5.85199912,106.25413333333331
5.199998612000001,55.9224
31.199991384,15.728
11.70399824,27.2608
343.31725331199993,704.6408
88.39997650599999,0.0
162.93329604666667,156.58720000000002
24.26666354933333,180.3528
24.266660301333328,156.58693333333332
21.599987792,92.79706666666668
25.99999601,153.7896
204.53327944666668,55.924
31.210663648,113.5928
24.26666022666667,67.45706666666668
21682.260737400666,5122.642400000001
8.666664833333334,55.922133333333335
3357.466959799333,1308.6208
64.13331577066667,145.4024
157.73329013866666,2885.6784
161.9052913906667,0.0
29.25999668,25.1648
3.466665933333333,117.4384
402.1332906453333,1051.3701333333331
212.6226115853333,268.4352
20.799994416000004,29.00853333333333
268.799969648,654.3093333333335
140.39996360400002,313.17386666666664
27.309327117333325,56.4464
128.743979672,945.1144
86.66664476666666,55.92266666666666
24.26666354933333,226.4904
272.13322772466665,0.0
77.99997864,0.0
175.55995380000005,176.15946666666667
181.99997382,335.544
181.99995163,693.4576
105.73330913666666,0.0
57.19998460000001,61.514933333333325
1.7333330686666668,36.3488
20.799994872000003,39.320800000000006
23.407997344,61.514666666666656
27.309327117333325,52.07733333333334
159.46664618133337,55.924
187.1999496,134.2176
62.399983416000005,145.40133333333338
9.599998572,67.10719999999999
6014.6643255733325,581.6096
58.93331746666666,150.9928
23.407997736,97.8656
161.19995666199998,100.6632
128.26663953333332,89.4784
8883.330931416665,246.0656
493.518529878,570.4248
15509.864471424,13841.2016
84.93331157733336,229.28826666666663
175.55996004,167.772
146.2999708,201.3264
6.933331624,111.84666666666668
47.99999358,192.93546666666668
10.399998412000002,41.94
109.237322768,469.7616
10.399997236,8.388
202.799946102,1364.5456
29.259995600000003,8.388
23.40799648,171.9648
58.51999076,185.7471428571429
64.999990775,83.884
103.99998404,167.7704
120.94130150666663,872.4128000000001
3326.2669570753333,889.1904000000001
25.99998982,64.31013333333331
233.99993835,0.0
21699.594124416,3780.4632
140.39997883200002,363.5048
113.138640296,394.26133333333325
83.199977504,117.4392
103.99998448,61.51546666666668
37.06266081466666,335.5429333333333
20742.794527092003,3265.9616
4.799999358,796.9146666666666
155.99995805999995,223.696
11.70399692,31.28133333333333
71.06665655333332,0.0
213.199944076,0.0
100.53332266133332,44.7392
83.199987232,100.6616
3023.9987646399995,0.0
1764.5328643746668,3411.3645333333334
77.99997900000001,329.9504
58.51998636,118.83706666666669
154.102636594,145.4024
72.174659686,301.98720000000003
511.19979116533335,0.0
233.99996661,134.2176
10661.73177508,2650.7992000000004
77.99998131000002,201.3264
100.799924848,0.0
180.2665965706667,167.772
65.86665967466665,334.14506666666665
27.309330692,38.096
155.99997618,0.0
29.46665922066667,117.4384
920.39986371,626.3488000000001
20338.930329429342,4585.770133333333
58.933317670666646,170.56666666666663
103.99997236,1090.5168
77.99997978,100.6624
7.802665141333332,25.688
51.99998617999999,111.84666666666668
51.99999262,301.988
8822.664953033334,6571.074666666668
990.9384654986668,704.6424000000001
128.26665305066666,153.78879999999998
28.799978528,53.6496
155.99995956,268.4352
100.53331848533333,67.10719999999999
111.5999852853333,313.17253333333326
1605.0664296106663,1062.556
292.93326314200004,268.43440000000004
57.19998460000001,67.108
25.99999304,243.2672
150.799977786,213.90693333333328
24.266663092,61.3392
58.51999076,134.2176
176.799953624,134.2176
27.733326986666665,30.40693333333333
93.631983808,687.8634666666667
37.06266081466666,18.8728
287.99979200000007,257.2504
98.79998575,234.88
90.133320368,117.43946666666665
36.399994904,58.71813333333332
21765.460856961334,3858.7584
46.799993358,260.0448
31.199991672,78.29146666666666
9.599998572,53.1264
925.5998629400004,805.3056
8995.99862638,279.62
213.199945388,134.2176
27.309330692,44.2136
29.2599923,171.2656
80.9999598,262.84186666666665
13629.196309632,4194.302133333333
6018.131731584001,1062.5562666666667
10885.329138293331,3892.311733333333
5.199998612000001,97.8656
107.9999464,251.6568
27.309330692,42.9896
103.999972,234.8808
77.99997902999998,106.2536
1517.6184384533335,0.0
51.99998602,89.47733333333332
8.666665746666668,86.68026666666667
176.79995267200002,55.924
74.53332272666667,419.4296
209.7333039706667,134.2176
23.407994672,85.63119999999999
1.9506662853333328,65.53386666666668
166.399956416,156.58720000000002
57.199984798,120.23546666666664
173.3332889333333,503.316
128.74397096,1056.9634666666666
140.399964522,587.2013333333335
5.8519987680000005,148.1976
411.59055708733337,939.5232
518.3999414640001,440.4
5.1999986080000005,27.96053333333333
109.79998552266666,285.2112
117.0399824,234.8794666666668
257.487936376,0.0
24.266660068,66.93253333333334
319.90927090400004,145.4024
77.99997923999999,715.8272
169.86664190533335,44.7392
29.25999538,173.76228571428572
149.0666265333333,134.2176
22.53333043866668,209.7136
748.7997108479999,928.3373333333336
197.599923164,1509.948
5.851999076000001,100.6616
36.39999031199999,145.40106666666668
83.19997721600001,0.0
20.799996952,64.4864
29.25999318,0.0
284.39979460000006,167.772
164.66662208000002,324.3592
11.70399692,34.251466666666666
492.266591312,167.77120000000002
77.99998839,36.348533333333336
307.199965312,549.4528
275.043946326,33.5544
622.3999167540001,128.62266666666667
185.46661801733336,190.1416
1778.3993098439998,10905.188266666668
79.97732070533333,192.936
682.9332337826668,1073.7408
15.599997612,64.31013333333331
51.9999862,223.696
134.59596513199998,223.696
13.654664510666668,138.4112
129.99997215000002,307.5816
14936.129323556,3623.876533333333
159.46662465333338,324.3592
129.999961,89.4784
4899.5964614,0.0
29.466655129333333,192.9352
3790.797909444,0.0
71.06664756066665,0.0
25.99999293,60.11573333333333
103.99997204,1040.1848
46.799987562,223.6949333333333
450.66661882666665,1459.6152
103.9999724,36.3496
5.851998856,137.01226666666665
140.44796304,1146.44
1.7333330686666668,13.98
667.3331534099998,0.0
21449.994192,5676.289866666666
135.19996360000002,78.29360000000001
21.599997152,65.1856
29.25999538,0.0
50.26665379066666,195.7336
46.81599260800001,830.4696
10.399997216,145.40079999999998
5.199998618,55.921333333333344
23.407997736,103.2832
233.99996661,0.0
6.9333323626666665,152.39173333333338
138.66662954666668,89.4784
277.33325866666667,290.8048
7094.530593752,6062.166133333334
168.13330067666666,212.5112
1672.66600339,2236.96
592.7998657080001,402.6528
77.99996967000001,50.3304
25.99998989,22.3696
236.03060221400003,67.1088
55.46665166933333,603.9792
567.6439103719999,145.40106666666668
183.7332862693333,33.5544
233.99990694,251.656
158.003959068,100.6632
19.06666156266667,226.4904
164.66664298,525.6856
142.13330572666663,89.4784
5.851999032,0.0
79.73332109733333,111.8464
3.9013327466666654,66.58319999999999
117.86663538666669,234.8808
228.227955384,427.8168
1.9506663733333327,109.0504
103.99995956,178.9568
5781.596027826668,0.0
176.79993125200005,123.0328
174.39997667400002,405.4472
6038.931707466668,1006.632
77.99997906,67.10719999999999
10781.329547426663,1252.6976000000002
17.33332866666667,100.6608
5.199998601999999,36.3488
168.13328748466662,100.6632
25.19998970533333,63.96106666666666
159.4666243466667,0.0
19933.328127666668,5122.642400000001
265.20002315399995,0.0
27.733325888000003,33.028
189.214639636,620.756
31.21065956266668,59.7664
25.99999304,153.7904
71.06664753333331,732.6029333333332
58.51998988,246.06506666666672
11.703998152000002,49.63146666666667
90.13330906666664,209.712
10204.130888266,5704.251466666668
3.9013326586666666,14.328533333333333
71.0666558153333,2432.6952
21711.73001811868,4739.562133333334
275.5999258,425.0213333333333
21087.72758287067,4429.1829333333335
308.7999651313333,413.8362666666667
27.73332247466666,153.78986666666668
126.79329996666664,833.2672
155.999967,0.0
19.066661643333333,114.64293333333332
74.53332223933333,27.96133333333333
259.43861594933344,574.6181333333333
103.9999726,290.8048
161.199975262,134.2176
365.7332351480001,0.0
117.86664944,67.1088
11.703998064,43.51306666666667
67.59997389600001,296.3962666666667
176.79997450000002,436.2072
2449.599723399333,0.0
298.1333016853333,1280.6592
1591.743748672,9540.641333333337
81.46664501533333,0.0
133.46664628733336,0.0
21.59998928000001,101.1856
107.466625168,423.6224
25.99998989,33.5544
114.399969596,1079.3322666666666
155.99997606,167.772
6482.064309849334,917.1536
62.399975904,380.2821333333334
21.599991176,57.844
5113.79746204,0.0
1641.466224733333,3019.8968
25.99998982,64.31013333333331
25.99999302,88.378
138.66662954666668,78.29360000000001
10788.798781764668,4843.022400000001
2761.1989379999995,7147.0925333333325
1206.3996751999996,3170.892
157.7333130706667,190.1416
171.59995439399998,257.2504
11.70399692,44.21333333333335
24.266660068,68.3296
975.866457606,1946.1552
175.0665985926667,22.3696
143.86662793333338,0.0
93.632009344,50.3304
912.911750712,492.1312
117.03998064,67.1088
24.26665991866666,218.1008
140.39996360400002,0.0
150.20129442266668,313.17440000000005
68.27331536666667,14.327466666666668
155.9999775,156.58720000000002
4.799999358,125.8272
97.06663986133331,0.0
10.399997336000002,97.86533333333333
1093.873599415385,7381.972
152.15196963200003,123.0328
11.703998152000002,52.42773333333333
21758.526805773334,4384.4437333333335
703.733141972,369.096
159.46664973866666,322.96
112.66665054666666,67.1088
21576.52742468267,4362.076
155.99995823999996,0.0
202.799948754,324.3592
156.05330288000005,0.0
21.599987792,89.12666666666668
57.199976108,229.2864
1559.99979135,1658.1464
3315.866956167333,1342.1744
21.599991176,60.292
138.66663029333336,123.0328
181.99995128,268.4352
179.461284328,67.1088
77.99998851000002,55.921333333333344
64.37199032000001,0.0
74.533313238,72.70026666666666
57.199984512,774.5466666666665
11194.87305398,2203.4056
6.933331472000001,58.7176
20.799991968,52.252
2267.19945064,1440.0431999999998
20.799996936000003,54.348533333333336
156.05328896,67.1088
57.19998493000001,89.47760000000001
31.210663648,44.7376
24.26666010533333,142.60479999999998
21755.060140146667,4876.576533333333
21548.796825696,4334.112
20.799996936000003,62.0384
29.25999538,5.592
3362.6657613333336,12538.170933333337
16071.462469541331,3288.331466666667
187.199973,234.8808
120.94130200266665,0.0
206.26661232333336,55.924
241.882615744,704.6413333333335
50.26665330733333,285.2112
10.399998516,33.5536
77.99997923999999,125.828
322.3999132,850.0448
25.99998996,0.0
58.51998856,208.3144
224.32660449,223.696
5134.131905649333,12750.681866666668
60.66664132666667,503.316
232.26660547333333,301.9896
103.99997416,1006.6304
51.99998,385.8744
166.39995532800003,542.4618666666667
20884.92774259733,4376.055733333334
178.53328540400005,520.0930666666666
7.802665434666668,58.7176
135.199980656,145.4024
60.666643240000006,281.0168
29.25999494,30.756
164.66662258666668,123.0328
195.8666146113333,111.848
180.266640112,469.76026666666655
946.0731839533332,1610.6112
27.309327117333325,56.0976
8999.463163797334,771.7511999999999
25.99999343,75.4952
221.8666082133333,0.0
51.99997992,109.0496
155.999967,201.3264
129.99996505,0.0
166.39995526399997,167.772
181.411958708,190.1416
93.599986716,1174.404
163.85597536,369.0968
117.03998064,89.4784
155.99995632,78.29360000000001
24.266660301333328,31.804266666666667
117.03997108,201.3264
241.8826248373333,1188.385333333333
175.06661966800004,643.1245333333334
15.599995824,155.1874666666667
21673.594131456,3802.8328
2088.666133253333,3523.212
9.599998716,109.0496
112.66663581333331,301.9896
97.06664012266668,0.0
159.95462408133332,240.4728
5.1999979960000005,61.514666666666656
146.29997580000003,327.1544
405.599891736,2343.2162666666663
3090.5976957860003,0.0
598.8545631053335,738.1968
166.39995404800004,55.924
825.131838696,10603.1984
214.93327546666663,536.8704
215.99997561,33.552800000000005
7432.531369429334,8511.638933333334
3569.71901058,268.4352
140.399978562,0.0
93.599974404,162.17946666666668
77.99998875,22.369066666666665
90.1333092053333,117.4392
1537.4662740213337,2550.1344
10625.330472666665,7706.333066666666
3601.599518286,830.4704
131.73329695466668,22.3696
126.79330949999998,106.2536
29.2599923,123.03173333333336
157.73331088666663,134.2176
721.0664747520001,285.21040000000005
83.19998931200001,95.07013333333332
56.569320148,357.9128
74.53331326666667,671.0871999999999
161.199957158,0.0
7.802665434666668,19.221066666666665
31.199991516,18.871466666666667
51.99998592,61.51546666666668
148.2506388,301.9888
136.93329525533332,436.2064
291.19988755199995,6039.795466666667
131.73329862666665,0.0
51.99997992,69.90266666666669
1591.743748672,4171.932533333334
310.266582656,483.74106666666654
237.4665736893334,425.0205333333333
10299.465149476,18664.65066666667
158.39993529066666,67.1088
304.30390016,458.5768
11.703998064,84.75786666666669
1086.3998773273336,1769.993866666667
9.599998572,33.5536
21269.73008560867,12219.404
24.266657165333328,53.65093333333333
21448.260925130664,4445.959733333333
7305.998069529999,8388.6064
207.99997088,0.0
90.1333092053333,195.7312
25.99999277,0.0
25.199996677333328,69.55413333333331
193.1159637,643.1253333333335
29.25999538,55.921333333333344
185.4666170186666,145.4024
17.33332864666667,125.828
142.13331261466664,89.4784
186.0099628742857,131.82085714285714
119.599982152,289.4056
29.259995600000003,170.56613333333334
102.26664125733332,508.9072
435.5998220493333,0.0
24.266660301333328,178.95466666666664
1790.7115152960005,2634.0216
77.99998805999998,0.0
10927.632941250666,2348.8090666666667
152.15196963200003,156.58720000000002
32.933324517333325,110.44853333333334
79.73331367600001,97.8656
162.93330970800002,234.8808
159.46662397866666,0.0
83.199967648,184.548
149.06664390533334,0.0
39.86666091666667,276.8224
12.133330085333332,128.62426666666664
181.99997207,279.62
20.799997008,86.68026666666667
157.7332911093333,11.1848
159.46664311466668,279.62
20163.861206912,4431.978933333334
123.06663372266668,0.0
21278.394279384,4227.855466666667
227.0666063193333,167.772
71.06664777933331,201.3264
51.999986,201.3264
149.06662590266666,246.0656
50.26665918466667,134.21679999999998
13875.329677716663,2706.7216000000003
457.1998132253332,89.4784
20.79999448,34.95066666666666
25.99999309,0.0
57.199985546,39.14586666666667
8995.99760914,402.6528
23.407994672,41.7664
36.39999031199999,178.9565333333333
237.466603464,469.7616
58.51999076,83.884
95.58265229333335,128.624
67.599990432,139.80933333333337
232.129288034,111.848
10852.395788433998,4384.4437333333335
36.399985748,95.06906666666669
24.266660301333328,74.4472
27.733326986666665,32.1544
287.99996148,329.9504
152.15201518400002,55.924
162.93328984266668,55.924
8779.330956159998,7130.314933333334
2132.99960816,0.0
24.266660301333328,77.2432
3211.8659785860004,1398.1
296.39995782,1487.5784
1627.1997823620002,1423.2648000000002
21.599991176,62.9128
6.933332274666668,142.60479999999998
173.3333084,324.3592
29.25999516,0.0
122.892012264,223.69546666666668
259.9999343,192.936
32.933320274,184.548
103.999972,184.548
27.309327117333325,68.8552
4.799999358,86.68026666666667
103.99998825666664,173.3632
34.66665309333334,138.4112
21148.396754534,5899.986133333334
5.8519989,89.4768
77.99997923999999,212.5112
8917.99808949,7717.517599999999
114.39997258800004,369.0968
187.263967616,1358.952
1319.99982345,469.7605333333333
146.2999714,1498.762666666667
103.99997416,1258.2885333333334
77.99997927,114.64293333333332
38.133322964,9.7848
27.73332596266665,197.1312
646.5331040626667,939.5232
20.799994544,35.6496
11.703997712,26.03813333333333
506.1331970666667,19.9208
31.199991648,201.3248
47.99999358,131.42053333333334
175.55995380000005,131.42053333333334
93.599986176,0.0
10.39999748,21.14533333333333
58.5199846,218.1021333333333
251.635975662,0.0
55.46664533333333,559.2394666666667
74.12532218666666,0.0
159.95464020799997,933.9293333333336
161.199956848,33.5544
534.2138874278572,431.4137142857143
181.411950462,67.1088
86.399987148,262.8421333333334
95.99998716,67.1064
53.73332566599999,71.47706666666669
161.19997532399998,33.5544
10543.865170248668,5648.327733333333
183.3626458613333,324.3592
152.53329173866666,134.2176
2689.968928826668,1034.592533333333
211.4666182733333,301.9896
116.13331631533336,69.90453333333333
69.33331448000001,167.77120000000002
32.93332910266668,174.76026666666664
11.70399692,44.0384
175.56001752,123.0328
209.7332769473333,22.3696
413.5412524906666,1129.6648
37.06266109333333,78.29360000000001
3100.932513971333,648.7184
97.53331646666666,268.43386666666663
23.407994672,67.63173333333334
208.721276338,156.58720000000002
87.7799712,123.03146666666665
79.73332183333333,139.80906666666667
21.599997152,64.48506666666665
29.259993400000003,176.15946666666667
1.950666344,79.68960000000001
11.703998064,37.571466666666666
393.4666100679999,436.2072
10550.7971594,301.9896
5610.798567088001,4719.9874666666665
10498.795945847998,1823.1224
5.1999979640000005,57.319466666666685
25.99999602,69.90266666666669
107.46663789866663,0.0
20435.99189634,11883.86
16.71999736,158.78314285714288
155.99997786,341.13493333333327
1043.199860472,134.21679999999998
212.799971538,425.0213333333333
138.49731042399998,738.1968
2366.158293062667,3640.6528
68.27331742,939.5224
20.799996984000003,35.12533333333334
23.39998838666667,91.5728
162.93328971733334,234.8808
31.19999178,261.4429333333333
10587.1971496,8287.942666666668
146.29996105,149.796
83.19998799999998,117.43866666666668
13.866662954666667,118.83733333333332
21619.861003924663,4831.836533333333
19.199997432,36.34826666666667
2156.2658091360004,1051.3712
305.066585472,2348.808
109.79998552266666,251.65573333333327
24.266660301333328,43.86373333333333
157.7333092486667,234.8808
100.533306576,97.8656
39.99999548333333,127.22613333333332
146.2999747,209.712
112.66663533666666,281.016
331.06653818733326,0.0
86.66664376666667,201.3264
159.46660465866668,67.1088
29.259995600000003,25.164
697.5999212293333,475.35226666666654
34.66665744,218.1008
35.111994456,69.90266666666669
34.66666181333334,75.4952
29.466658778666662,201.324
136.93329699333333,100.6632
13.654664613333331,0.0
4063.238055653334,905.9688
29.25999334,47.53333333333335
25.19998749333333,66.75760000000001
14039.996301,3221.2224
5774.396815525333,0.0
161.199957096,738.1954666666667
25.99998989,0.0
19.066659304,107.65226666666666
103.999978,1062.5544
34.66665873333333,508.9064
28.79998570666667,54.698666666666654
179.461284328,55.924
76.26664613333331,754.9728
140.39996122800002,67.1088
920.39986371,626.3488000000001
135.19997935600003,0.0
162.93330983333334,78.29360000000001
5636.798556112,12448.691733333331
161.19997675000005,33.5544
20.799996824000004,123.03146666666665
11.70399824,155.18853333333334
175.99998012666669,360.7090666666667
9647.731908437334,4731.1722666666665
14762.796104892,3333.0704
35.52999065,240.4222857142857
144.3493083706667,1683.3112
3900.597848891333,0.0
22.53332742266668,137.01253333333332
21309.594295584,4068.4744
1076.7678380799996,1358.9525333333331
598.399919964,1196.7722666666666
77.99998002000002,111.84666666666668
2684.932682753333,3145.7264
27.309327117333325,84.23413333333332
76.07598856,528.4797333333332
103.99998453,206.9176
1022.1491181440002,1957.34
192.39995597,178.9568
200.91863796400003,749.3805333333333
155.99995800000002,123.0328
185.46661744666667,44.7392
23.407994672,84.05813333333332
24.266660152,181.75253333333333
341.4665767033333,917.1536
62.42132394666667,0.0
120.94130200266665,22.3696
114.399971796,402.6509333333333
4.799999358,44.73626666666667
159.46664372799998,0.0
100.53330665333334,100.6632
90.13332002133336,139.80960000000002
22.53332735333333,78.6408
3218.599153,436.2072
180.26661938133336,178.9568
436.949212224,671.088
157.7333092486667,55.924
21746.394153564,4529.847466666667
25.199981212,56.62
10843.730468085332,2963.972533333333
83.19997763199999,72.7008
2364.207360064,3372.218666666666
99.19998879866664,156.5864
27.30932437333333,102.0592
152.151960584,301.9896
195.0666388,710.2330666666668
240.93330238266665,671.088
21446.525051672,4250.226133333334
155.9999775,123.0328
31.199991468,192.9368
25.99998982,50.3312
136.54663586666666,1314.212533333333
11.703997536,47.35866666666666
58.93331719466665,201.3264
25.19998970533333,65.88346666666666
3085.332520466666,3042.266133333333
2814.9329327466667,10390.687199999998
587.5999159280001,134.2176
20.79999448,35.3008
411.5905862053334,1084.9256
31.19999244000001,4608.139733333333
29.466658654,39.14426666666667
77.99998851000002,32.15306666666667
14922.264468502002,2642.4096
58.51998636,452.9832
3877.924721029333,548.0551999999999
10.39999726,69.90266666666669
507.8665916586666,290.8048
77.99998851000002,46.1344
79.73330232933334,100.66186666666668
36.39999442799999,176.15973333333338
95.33330766666668,268.43440000000004
29.259993840000003,19.57013333333333
175.55996004,335.544
259.9999619,128.62426666666664
25.99999309,178.95520000000002
25.99999293,33.552800000000005
4.799999286,41.94
192.399971362,715.8258666666667
83.199967648,246.064
120.94131423733332,55.924
5.1999979960000005,100.6624
3047.3977279940004,0.0
15.605330048,244.66533333333328
11.70399736,57.14506666666666
175.55995206,44.7392
164.6666429166667,201.3264
55.46665173333333,246.0648
3.466666221333333,64.31013333333331
234.0799472,1207.9565333333337
20065.061326272,4348.092799999999
168.1332878726666,335.544
26.999986600000003,106.16657142857144
70.22398944000001,181.75093333333328
119.599969778,615.1629333333333
20.799996936000003,54.3488
161.199976502,33.5544
320.66658132,335.544
2088.666444946666,16623.423199999997
9775.99620616,1722.4592
198.96797742400005,570.4248
10.399998516,55.92266666666666
154.266644476,257.2504
1480.55577736,0.0
155.99995692000005,178.9568
296.3999202,0.0
175.5599736,419.428
91.8666426046667,12907.268800000002
175.55995380000005,195.7336
453.599814696,268.4352
256.5332633786667,648.7184
31.21066312533333,41.9416
25.999993,212.5096
207.9999452,134.2176
185.46659454866668,67.1088
14903.196067848005,3288.332
28.799996202666662,61.864
27.733326058666663,74.4464
11.70399736,61.689333333333344
135.19997935600003,55.924
147.33331769333333,210.41333333333333
97.53331793333332,346.7277333333333
123.06663556866664,206.91786666666667
31.199991516,27.26
20917.860809664,4764.7272
27.733325909333328,109.0504
113.1386454,150.9928
11.70399824,21.318933333333334
11.70399824,36.873066666666666
5.199998618,30.7568
53.73331229466668,234.8808
145.59996124799997,359.31013333333334
5.199998618,16.776
5.851999032,0.0
145.599979784,111.848
83.199978976,162.17839999999998
117.03997108,201.3264
105.7333066153333,145.40079999999998
825.13187592,2147.4816
100.799924848,134.2176
24.266663092,51.55306666666666
24.266662942666663,86.68026666666667
282.84669489333334,279.62
351.11989992,536.8704
29.466655129333333,135.61413333333334
69.33331466666668,704.6408
21236.794290568,3229.6128
135.19997139999998,67.1088
221.866632704,419.4288
20973.33027606667,4093.637866666666
268.6666283299999,178.9568
11881.99528833,2192.2208
27.733329248,50.15546666666667
4.799999358,106.25413333333331
299.866594814,251.6568
129.99996545,0.0
21.599997152,63.088
11.703997712,64.48586666666668
77.99998869000002,67.1088
113.13864965333336,251.6576
51.9999863,72.70026666666666
13.866662976,83.8848
243.8332730833333,0.0
365.733281146,0.0
2543.668950826667,805.3042666666668
185.4666170186666,55.9232
69.33331448000001,0.0
181.99997361,301.9896
11.703998152000002,26.912266666666667
2627.54760488,897.5791999999999
3087.0658307840004,1649.757866666667
58.933324924,78.46719999999999
74.53331343866667,1132.4608
24.266660534666663,208.31413333333333
46.79998138800001,5894.393599999999
660.399821946,939.5232
3022.9330124373328,995.4472
103.999972,201.3264
81.46665084333334,0.0
131.73329381333332,33.5544
6005.99856087,369.0984
12275.464877281333,1297.4368
25.19998749333333,62.9128
1599.546305866667,2650.7976
641.5999275526668,453.2776
336.266617132,0.0
36.399990284,106.25413333333331
6005.99768076,548.0551999999999
36.39999442799999,251.65626666666665
31.210660565333328,150.9928
334.53328405400003,855.636
209.7333023573333,615.1632
21488.12762244867,4406.8136
24.266660142666662,63.08746666666668
4902.023939455999,7516.190133333333
4279.598324372,1811.9376
25.99998982,124.42986666666668
29.25999516,164.97386666666668
129.99996445,111.84746666666666
5.19999862,88.0792
610.1332425173332,1644.1656
4156.532228654667,1867.860266666666
154.26663136333335,0.0
62.399991144000005,184.5472
187.264018688,44.7392
436.7998824,16.076533333333334
99.483980144,232.0834666666668
348.39994867800004,548.0549333333332
95.99998916,204.12
169.86664484533335,257.2504
225.3332997933333,687.8648000000001
31.210663648,108.5264
25.99999304,0.0
8.666665436666669,156.5856
19.06666375533333,134.216
32.933324568,385.8744
91.86665299266666,134.216
23.407994672,47.1848
79.73332309066669,78.29253333333334
29.25999428,11.1848
233.99996994,872.4144
25.99999306,260.0448
19.066664642666662,100.6616
88.39997766200001,106.25466666666668
20.799991912,78.29146666666666
821.5997901759999,1191.18
29.259993400000003,111.84746666666666
77.99996988,300.5906666666667
3.901332688,25.164
3095.732504629333,4742.3584
388.26656437333327,1073.7408
91.86664384133331,374.6904
29.25999538,0.0
415.7999451760001,0.0
51.99999234,29.3568
20283.461806436,2617.2432000000003
25.99999304,159.38320000000002
68.27332152666668,380.28026666666665
766.133217824,1912.6008
641.599914186,436.2064
201.0666128426666,178.9565333333333
95.33329622666666,178.9568
3.4666657453333327,50.3288
134.9999822,201.3264
57.199984798,125.82693333333332
68.27331536666667,20.61866666666667
20.799996936000003,49.45626666666667
97.06664109333332,218.10266666666664
119.599968398,327.1536
5.851998483999998,276.82186666666666
83.19997702400002,0.0
11.70399824,23.241066666666665
77.99997957,139.80933333333337
20.799994544,79.68960000000001
138.49730209333333,1135.2552
8049.59804952,1286.252
20.799996984000003,54.52373333333333
77.99997923999999,335.544
164.6666438033334,100.6632
98.799973134,44.0384
194.1333044373333,743.7882666666667
190.66661533333337,156.58720000000002
135.19996365199998,11.1848
36.39999004599999,218.1024
154.10263590933334,89.4784
27.733325973333336,52.776
103.99995928,125.8272
38.133327496,218.10266666666664
62.421327296,212.50906666666668
29.25999668,47.53333333333335
2.089999591428572,50.928
158.00397267600002,1577.0552
27.733325792,30.9312
25.99998982,30.75493333333333
29.46665890333333,286.60933333333327
7.802665493333333,60.9904
98.799972982,279.61866666666674
604.9331962926666,671.088
3267.366150766666,1560.2794666666666
103.9999724,46.1352
62.421323008,58.7176
50.266652998000005,22.36666666666667
13.654663997333332,85.28213333333332
207.99996904,732.6031999999999
81.46664222666669,0.0
23.407994672,55.57226666666667
10022.130862491998,5939.132799999999
51.99998,385.8744
162.933308392,156.58613333333332
26.999986600000003,209.7136
7.802664848000001,125.828
83.19997843200002,111.84693333333333
103.99997156,83.88560000000001
19.506663586666672,16.775466666666667
58.51998988,218.10266666666664
502.66658972,204.12133333333333
23.407994672,80.21306666666668
21673.594239824,4110.417333333334
122.891978748,296.3968
143.86662776733334,0.0
13.866664725333331,199.9264
145.59996085599997,78.29360000000001
51.99998617999999,201.3256
25.99999336,603.9792
596.2665813546668,536.8704
29.259995600000003,72.69946666666667
79.73331232666669,0.0
23.99999729,0.0
98.799973476,201.3264
103.99997416,771.7498666666667
298.99995584,83.884
24.266660152,67.80560000000001
21217.728249238004,4541.032
12.133330094666665,109.0504
2619.066299997333,1297.436
71.06664791600001,55.92373333333333
129.599976192,178.9568
23.407994672,72.3504
144.349319372,234.8808
221.8666381653333,1017.8168
197.599974616,44.7392
200.9186146173333,100.6632
56.5693227,805.3050666666668
255.53729490666672,2273.3101333333334
88.39998725,167.77120000000002
58.51998668,27.96133333333333
147.33329451666663,0.0
100.533317944,234.88
27.309327117333325,94.71866666666668
156.05330288000005,1107.2952
11.703998064,44.03866666666666
51.99998602,106.2552
74.53330220133333,187.34426666666664
24.266662942666663,209.7136
27.733326090666665,28.8336
2367.7327450426665,559.24
2277.599652228,357.91226666666665
157.73329092733331,33.5544
42.91465537333333,150.9936
378.4292451280001,419.428
457.599872752,1630.184
161.19995740599995,0.0
29.259993400000003,150.9928
11.703997975999998,83.3592
4.799999286,47.5328
135.19996266400003,33.5544
19938.528034284664,5158.991733333333
51.99998608,8.3872
77.99997879,201.3264
105.73329250399998,11352.581866666667
119.599968766,391.4664
341.36656936666674,536.8704
143.8666446993334,0.0
3977.408675416,2136.2968
181.41201810400003,33.5544
155.9999775,167.772
5.199999232,58.7176
469.733208312,226.4912
84.93331095666669,145.40186666666668
61.19996962666667,226.4912
197.599972564,55.924
164.66662233333338,156.58720000000002
197.59994756,134.2176
60.47065484533333,258.64666666666665
126.79330048666664,0.0
24.266663148000003,49.280800000000006
8820.929879598667,1957.34
77.99998896,0.0
216.6666388333333,212.5112
472.06120442800005,492.1312
271.142640442,357.9136
58.5199846,16.7752
7.802665141333332,48.2336
230.5332742813333,682.2722666666667
25.199981212,52.6016
31.21066173866668,265.63786666666664
29.25999668,8.388
36.399985566,329.9514666666668
24.266660068,31.9792
77.99997846000002,0.0
27.733325909333328,36.1744
989.7331867766668,44.7392
2075.3996187413336,0.0
519.9999232,257.2504
342.39996133733337,385.8744
102.26665581066663,167.772
25.99999296,0.0
88.3999762,162.17813333333334
21703.060856922664,6053.7773333333325
3567.598032534667,0.0
276.994639876,79.16560000000001
51.99999232,22.3696
36.399985972,162.17893333333333
31.210663648,38.44666666666666
11.703998152000002,34.6008
116.13330367466664,402.652
42.914660213333335,188.74
35.111996016,83.884
29.466658654,15.376533333333333
171.59995320599995,324.3592
126.79330447333334,44.7392
23.142845657142853,88.19057142857142
276.79996874466667,1132.4608
103.99997188,335.544
155.99997696,436.2072
90.13330868533336,106.25413333333331
163.85596796800004,1392.5064
811.4771197866667,1308.6216000000002
11.703998152000002,41.2416
20250.52802925133,3221.2224
25.99998989,0.0
50.266653056,251.6576
4926.132590624,727.012
81.466644608,195.73306666666667
175.55995326,257.2498666666667
97.066640272,167.7706666666666
31.21066312533333,170.56666666666663
669.0785610226666,246.0656
415.491915652,1912.6
77.99997900000001,72.70026666666666
2516.79939016,1272.270666666667
46.799987382,232.0832
29.259993400000003,27.96133333333333
46.81598908800001,134.216
154.10263590933334,201.3264
71.06665630733332,251.6568
140.447963616,212.5112
175.55996496,100.6632
83.199967648,251.6573333333333
121.21998177142856,119.83628571428572
1376.2663151893328,2181.036
20.79999524,36.1736
21.599997152,64.48613333333331
23.407997736,40.71813333333333
21.59998928000001,95.0688
69.33331488,0.0
166.39995526399997,22.3696
148.2506282613333,268.4352
57.199984798,232.0832
202.799944386,0.0
16898.262175627333,4697.6184
129.99996524999997,0.0
83.199967872,329.95120000000003
4497.99812122,2583.6888
90.133308824,52.4272
27.309327117333325,92.79706666666668
95.33331481666669,78.29253333333334
29.25999428,141.20666666666662
122.892012264,50.3304
142.13331239599998,223.69333333333333
221.86663381333327,212.5112
291.19995744,1593.8336000000002
20612.794521752,4949.277599999999
166.399955712,754.9730666666668
13091.864813664002,11911.8216
25.999989690000003,223.69466666666665
3.9013326586666666,32.15333333333333
4783.033439032,12303.290933333335
214.9332762106666,290.8048
86.66665416666666,100.6616
235.73327122666663,0.0
55.466643498666656,139.808
111.18796352,111.84666666666668
10.399997336000002,128.624
60.66665024,128.62506666666667
20.799994544,77.0688
56.569320148,352.32
25.99999612,311.7749333333333
27.733329248,38.62106666666666
4851.599277857999,2052.410133333333
112.66665054666666,0.0
29.25999494,67.10719999999999
31.199991720000003,148.19733333333338
135.199964588,100.6632
1419.1998101820002,2927.621866666667
44.86532456266667,20.9688
200.9186289,486.5376
3.9013327466666654,36.1744
87.7799868,106.25546666666666
187.199949672,134.2176
3279.466182314666,10256.4704
2625.99963236,1437.2458666666669
38.133318505333335,100.6632
29.25999538,185.2469333333333
11.70399824,44.7368
64.37199032000001,0.0
128.266631936,134.2176
239.19993698,0.0
150.79994020200002,2572.5042666666664
140.39998050600002,33.5544
175.06662074533335,111.848
117.03998064,167.772
102.26663901533333,33.5536
9.599998572,39.14426666666667
116.133315556,223.6949333333333
24.26666111333333,32.32906666666666
155.99995854,671.0864
117.03998064,0.0
300.4026966453334,223.696
8287.064464219333,1118.48
15.99999786,120.23546666666664
122.891975556,89.4784
135.199963444,22.3696
77.99998893,150.99439999999998
181.411950462,167.772
105.73330490733332,922.7448
84.799988658,60.11573333333333
1245.5997711786663,268.4352
187.19995716000005,44.7392
5078.665910726666,3534.3968
31.199995356,155.188
11.703998152000002,42.989333333333335
5654.132491737333,1946.1552
31.199995212,123.03093333333332
36.399994904,61.51386666666669
5018.3963756,0.0
71.066646768,83.88560000000001
95.33330752,27.961866666666666
671.9999241200002,382.9408
77.99998485,503.3152
12.133330071333331,139.80853333333332
268.6666255399999,363.5058666666666
665.177151694,973.0776
20.799994872000003,54.5232
120.94131241866666,246.06506666666672
5169.5962664,0.0
48.53332043466665,290.80346666666674
265.19992962,234.8808
51.99998617999999,156.5856
143.99997858,69.90266666666669
60.47065757333333,192.936
280.7999244,559.24
823.3331145166666,12694.7584
109.199984292,229.28693333333328
77.99997864,324.3592
103.99997236,134.216
128.74397580000002,301.9888
4753.599364205999,994.0482666666668
27.309330692,119.36186666666669
487.0665312246667,251.65653333333327
1542.66643942,1851.0834666666665
315.46658282533326,665.4941333333333
135.19997374000002,201.3264
285.99994445,369.0984
24.26666022666667,70.77733333333332
21472.531053941333,5158.991733333333
332.79991232,760.5664
27.309327117333325,48.75706666666666
95.33329553000002,195.73306666666667
77.99997867,111.848
11806.193489099329,0.0
193.116019272,167.772
25.99999302,83.884
24.26666111333333,33.028533333333336
132.6453031413333,134.2176
21713.460937652,3892.311466666667
11.703998152000002,47.708533333333335
190.66661562666667,240.47253333333327
20.799994872000003,64.66106666666666
2080.7996177493333,357.9136
11902.796777088,4809.466666666667
72.799980764,2516.5808
155.99997779999995,246.0656
10.399995964,128.62346666666664
819.8664525553332,679.4752
1012.799864538,1852.4829333333328
169.86661910400002,212.5112
21430.927505768,14495.5128
4170.398367128,10580.829066666667
15.599995824,152.3912
285.99995743,427.8168
119.599968766,335.54346666666675
176.7999524,67.1088
83.199977248,111.84666666666668
262.7998102,0.0
21.599991176,70.07786666666668
20340.66129986,9870.5944
31.210663648,115.8664
103.99995984,67.1088
180.26664753066663,850.0448
54.61865598933333,240.47173333333328
21.599987792,72.3504
25.99999336,335.544
159.46662318133338,22.3696
209.73327807666664,246.0656
6005.9985447,335.544
358.9226099946667,44.386666666666656
103.99997232,16.7744
1346.799802642,2069.188
12.133331476,97.86533333333333
72.79998014799999,0.0
103.99997372,34.252
11.703996832,39.1448
201.066611528,413.8376
95.33330821666668,0.0
34.66665733333334,67.10719999999999
83.199967648,167.7706666666666
131.39998267466672,327.1528
107.466637444,61.514666666666656
24.266660208,58.7176
150.2013033546667,67.1088
105.73331710733332,44.7392
146.30001460000005,425.0224
25.99999336,296.3962666666667
69.33331536000001,307.58133333333325
192.399925186,676.6789333333332
176.799952468,201.3264
8174.398783271999,2136.2968
152.53331004266667,22.3696
128.26663558666667,796.916
28.79998823466667,84.9328
185.46661744666667,0.0
27.199996362,254.4528
176.799951516,33.5544
81.466644796,111.848
103.9999852,0.0
36.39999475,212.50986666666668
10.3999978,83.88586666666669
135.19996360000002,100.6632
677.7331508666667,1543.5024
181.41196459800005,223.696
58.51998988,251.6568
19966.263840672,12303.289066666664
103.999972,425.0224
155.99995914,111.848
8777.597650304,357.9136
3584.5327928960005,1476.3936
5385.465891987999,659.9032
9001.1975766,782.936
142.39863824533336,100.6632
110.93329049599998,251.6568
181.41197272,581.6090666666668
102.26664125733332,374.6896
21352.92759267933,4026.5296
29.466658835333327,150.9936
3.4666657453333327,27.436
17.555997096,27.96
98.799972716,0.0
190.66661548000005,738.196
29.259995600000003,23.5912
447.1998811479999,2751.4616
84.93331131600002,352.3208
77.99998215,33.5536
202.799944386,167.772
21763.727323194667,3288.3312
173.33328480000003,55.924
180.26661938133336,134.2176
129.99996505,0.0
901.3332002133334,1554.6871999999998
10.399997644,0.0
25.99999343,183.1493333333333
937.733132442,1353.3608000000002
40.96398922,274.0272
216.52392896,100.6632
766.1331250039999,573.2197333333332
27.733325909333328,197.1304
1049.17983434,2414.7194285714286
195.866612954,201.3264
183.73328386666665,156.58720000000002
603.1998359759999,0.0
83.199977376,56.62186666666668
80.9999598,134.216
28.79998823466667,87.0296
57.19998460000001,307.5808
34.666661360000006,413.8376
77.99997927,131.41973333333337
12.133330085333332,102.05973333333334
89.99995533333332,254.4528
79.73332155733334,156.58613333333332
901.3332012533334,905.9688
133.4666475706667,190.1416
10606.263843768,3433.7352
173.3332889333333,78.29360000000001
162.933308392,0.0
51.999979380000006,167.77013333333332
23.99999679,72.69893333333331
154.26662590466665,0.0
138.4973056906667,123.0328
79.73331186666667,195.7328
183.73330683333333,190.1416
11442.608257696002,3288.331733333333
136.54664305333336,1789.566933333333
534.5996014259999,44.7392
83.19997948800001,61.51386666666669
155.9999775,0.0
13.866664538666669,299.1909333333333
93.599974476,190.1416
147.33329514,234.8808
15.605330282666664,53.1256
117.86664980266669,78.29360000000001
279.99996255,528.48
140.399963172,0.0
74.53332232533334,145.40186666666668
10573.331783933332,6867.4712
31.199987784,144.00320000000002
175.06661892733334,246.0656
50.717324944000005,314.57120000000003
128.266648364,22.3696
69.33331557333335,209.712
181.99992874,931.1336
77.99997900000001,301.9885333333333
74.533313668,0.0
11.70399824,66.9328
6.933331482666667,134.21679999999998
98.799973248,55.92373333333333
356.971898252,805.3056
140.399979318,451.5850666666665
25.35866089466667,60.292
140.447972064,22.3696
320.66660438333327,480.9464
25.99999612,30.756
10658.263780736,6285.862666666668
87.7799712,190.14026666666663
2050.5327883646664,8377.422133333333
15.605330869333336,208.31466666666665
149.0666325533333,156.58720000000002
102.266640156,150.99439999999998
10.399997224000002,50.3304
162.933289592,201.3264
3277.1192608,2393.5472
6080.532468026668,3830.795733333333
25.99999666,239.0736
29.259995600000003,26.03733333333333
21215.99436144,4292.1704
890.4997588800002,2684.352
109.199957538,212.5096
51.99999234,198.5293333333333
25.99999602,260.0453333333333
178.53330758333337,33.5544
11.70399824,44.03866666666666
20985.463567274663,4082.453866666666
317.1999146,1800.752
1123.583780352,1342.1752
128.74397483200002,234.87920000000005
21545.32759896,8081.023466666667
12.133330085333332,50.3312
31.199992008,220.8976
7.802665199999999,157.984
21550.527605864667,6151.644
62.42131878400001,369.0965333333333
11.703998064,67.10719999999999
11.703998152000002,42.9896
651.7331601226666,2147.4816
87.77998548,173.36293333333333
124.799952,301.98906666666664
10781.330720933334,4898.944533333333
306.7999351,1051.3709333333331
83.19998006400002,50.3304
77.99998805999998,9.785066666666667
51.9999862,178.9568
353.07056603066667,492.1312
136.93329651933334,100.6632
7240.130543097334,905.9688
1123.199720928,2684.352
27.309330692,75.67093333333332
1412.6662868766666,1985.302133333333
22.53332742266668,157.98426666666663
1353.732794964,11061.776266666668
502.1997948420001,134.2176
55.466645290666655,529.8784
25.199985757333327,76.02
83.199977504,134.21679999999998
20.799994472,0.0
15.599997606,58.7176
5966.132484306666,369.0984
651.5224952133333,335.544
23.407994672,69.55306666666668
415.491934396,492.1298666666666
1447.33298653,4719.987733333333
322.39991506,458.5768
135.199980656,212.5112
77.99998998000002,318.76559999999995
25.99999608000001,27.96
235.733270592,335.544
204.81998019,2505.3952000000004
811.4772052053332,1778.3832
5.19999863,114.64293333333332
9.599998572,16.776533333333333
6064.932430591334,2002.0792
23.99999729,0.0
100.79998670933333,285.21040000000005
25.9999937,24.29066666666667
36.399996136,394.2632
83.199977376,16.776799999999998
8326.931081858664,3075.820533333333
437.399942328,0.0
291.200025424,0.0
20070.261232256,4278.1888
57.199985172000005,39.1464
136.93329667733332,327.15520000000004
20.79999448,40.71813333333333
80.9999598,114.64293333333332
6.933332349333334,39.1448
142.3986383426667,145.4024
251.33326644,268.4352
135.19996365199998,33.5544
41.599988928,62.912
11864.663540783333,2684.352
103.99998464,0.0
56.56932440133333,1166.0152
83.19998384,0.0
167.7573500746667,257.2504
116.13330367466664,212.51013333333333
2943.1992076,3444.918933333333
103.99997416,805.3048
17.333330753333335,72.69893333333331
23.99999679,89.47653333333334
57.199991882000006,41.94
195.8666150633333,178.9568
355.021234932,1979.7096
1291.3410711813333,3187.669333333333
34.66666144000001,313.1741333333334
77.99997660000002,0.0
2629.466298541333,1202.3648
91.866644654,0.0
258.2665981266667,369.0984
5232.932079442,1275.0672
133.46663119533338,123.0328
29.259995600000003,114.64293333333332
166.39995584,67.1088
3097.797690418,0.0
103.9999724,32.8536
21462.130056230668,4431.9802666666665
11444.558923952,10043.9584
77.99997923999999,100.6632
594.5332482693333,402.6528
137.42855033857143,59.91771428571428
214.93330572266663,402.6528
242.66663073333336,436.2072
10.399995655999998,33.203466666666664
195.0666373333333,413.8357333333333
176.79995267200002,134.2176
103.99997216,0.0
57.19999155200001,83.884
117.866634752,0.0
3.901332541333333,44.5624
3185.4378283933333,46.8344
1992.599633952,268.4352
171.59995439399998,134.2176
197.599948168,167.772
708.0918402799998,3019.8968
127.79997652266664,0.0
77.99997906,0.0
152.53331004266667,167.772
21023.594372144,12929.638933333335
83.19997808,0.0
22.533329892666675,67.10719999999999
218.399941956,878.0061333333333
40.96399535199999,220.8970666666667
1142.266360012,3036.6744
240.93329654466663,369.0984
25.99999617,88.07839999999999
27.733329088,240.47093333333328
116.133303228,44.7392
131.73329862666665,0.0
36.399990326,41.94
57.19998460000001,285.2109333333333
34.666661360000006,452.9832
10744.930729753332,2617.2432000000003
21292.263579288,4339.703733333334
161.19995659999998,134.2176
1441.542363184,2516.58
431.0972458173333,2030.041066666667
173.33330686666667,78.29360000000001
192.39994931,89.4784
46.81599296,244.6664
22.53332735333333,170.5672
20865.863769521333,4160.7472
569.5945767306667,190.1405333333333
29.259993400000003,50.3304
51.99997932,360.708
185.46661744666667,134.2176
169.86662099866666,156.58720000000002
27.733329088,176.1592
103.99998452,61.516
522.7785312373333,827.6751999999999
261.7332628666667,553.6461333333333
72.799971496,897.5791999999999
3.901332956,17.824
103.99998524,218.1024
11.703997975999998,110.44853333333334
20304.263675692,4068.4728
24.266662942666663,209.7130666666667
210.67194160800005,78.29360000000001
3057.5991732719995,12381.584533333333
972.799869888,111.84666666666668
71.06664764266665,67.1088
101.434649888,232.084
24.266660301333328,36.17386666666667
15.605330869333336,190.14
114.39996964000002,167.772
171.65862759466663,123.0328
239.199936336,402.6528
10.399997236,29.358400000000003
29.25999494,25.164
27.733329344,293.5997333333333
3.9013326586666666,39.84373333333333
135.199964068,0.0
19.50666344,44.73813333333333
5774.396032773332,0.0
341.4665767033333,391.468
207.99996984,0.0
103.99997416,855.6357333333333
3.199999524,33.552
8609.464580526668,861.2296
103.9999724,42.64026666666667
35.111994456,50.3296
155.99995823999996,212.5112
22.533330118,70.25386666666668
74.53332272666667,0.0
436.7998785360001,1275.0672
25.19998970533333,58.1936
77.99997939,0.0
20.799994544,78.81546666666667
32.933324517333325,226.4896
157.73329068466666,0.0
70.22398944000001,0.0
155.9999775,33.5544
140.39997883200002,369.0968
11.70399824,36.349066666666666
19.50666256000001,199.92586666666668
11.70399692,46.30933333333334
119.599969778,592.7925333333334
27.733325888000003,66.93253333333334
162.933294292,123.0328
1107.6998334285715,1767.5974285714287
599.399553114,0.0
5479.064555118665,19126.0248
21618.127479808,4739.5608
57.19998493000001,78.2928
64.371989836,218.1024
21460.394255216,4429.1829333333335
303.9999656733333,486.5376
522.4999135714286,1563.8734285714286
674.9305550239999,383.0784
3592.798018637333,0.0
29.259995600000003,50.329066666666655
32.933328596,469.75973333333326
69.33331490666667,0.0
5.851999076000001,31.45573333333333
46.799989290000006,301.988
11.703998152000002,41.76613333333333
1591.743688832,956.2984
20.799997,44.73733333333335
4366.265996612666,18678.631466666666
855.9999033433332,2189.4256
516.599614846,536.8704
389.99994285,1006.632
71.06663927866666,125.8272
11.70399824,33.202666666666666
226.277311448,2102.7424
197.59994756,335.544
210.671976096,928.3384
72.799980568,671.0866666666665
19931.594733458,4026.529333333334
5.19999863,125.8272
60.47065711866666,55.924
21628.52754354133,4264.2072
77.99998077000002,47.53253333333333
273.5999639253333,0.0
176.79995049599998,67.1088
51.99997827999999,170.56666666666663
83.1999776,83.88560000000001
24.266662961333328,0.0
21477.73105338933,5033.163733333334
11.703998152000002,22.54293333333333
161.19995659999998,268.4352
173.33328579999997,301.9896
121.33330267333336,506.10986666666656
103.99997372,46.13493333333333
261.389308052,0.0
21157.060937984,4250.2272
251.33326566666665,615.164
77.99997888,111.848
23.407994672,95.06826666666666
77.99997963,0.0
18721.728717706,5704.251200000001
155.99997696,290.8048
79.73331174399999,0.0
180.26661882666667,100.6632
189.2146162913333,413.8368
72.79997989600001,178.9568
414.2666042080001,9697.2288
273.09328004,78.29360000000001
69.33332274666668,0.0
29.25999538,0.0
31.199991648,125.828
24.266660469333328,201.3253333333333
25.19998970533333,82.48586666666668
27.733322336,341.1352
77.99997900000001,173.3632
77.99998839,55.92266666666666
29.259993400000003,195.7333333333333
135.199952056,178.9568
100.53330642133332,123.03173333333336
178.53330593533337,335.544
329.33328482,0.0
180.2666181333333,190.1416
21.599991176,64.31146666666667
17.33333090666667,164.97413333333333
69.33331448000001,27.961866666666666
401.8372729066666,1644.1656
181.41196459800005,67.1088
35.111996016,71.65066666666668
128.2666327746667,162.17866666666663
25.99999308,61.51386666666669
291.5997894,167.772
1537.5997943459995,1733.644
379.1999571820001,118.13813333333331
54.618658042666674,187.34426666666664
258.2665981266667,246.0656
183.73328386666665,223.696
1598.399819514,2382.3624
322.399915432,0.0
507.17319276,1152.0344
10139.9985609,1431.6544
77.99997900000001,150.99439999999998
27.733325973333336,59.2424
3.466665744,156.58613333333332
24.266660684,169.16853333333333
152.5332931466667,346.7288
77.99997942,0.0
17664.397438662,3333.0704
20.79999448,59.41786666666668
185.4666165193333,452.984
204.82002044,503.316
15.599997618,0.0
77.99997902999998,83.88560000000001
17896.661297666666,3489.657866666667
117.03998152,33.5544
166.39995577599996,469.7608
155.99995782,89.4784
5.199999262,0.0
62.399984016000005,50.3312
76.26665496266665,67.108
149.06663771333334,78.29360000000001
138.66663072000003,89.4784
34.66665328,0.0
29.25999494,30.756
4832.5320601466665,7270.1248
69.33331466666668,201.3248
233.99993862,324.3592
150.2013073586667,1168.8109333333332
29.466658472666666,272.628
71.06664824399999,167.772
57.199977604,190.1416
73.59998905200001,380.2824
1.950666388,125.828
10822.929162341334,2684.352
178.5332865026667,357.9136
493.99986263,251.65653333333327
180.266639072,89.4784
29.25999494,167.77093333333332
181.9999741,134.2176
77.99998805999998,229.28666666666663
12.133330094666665,125.8272
146.29996005,190.1416
11907.998227540002,1859.473866666667
221.866605824,246.0656
9.599998572,131.42053333333334
594.5332482693333,0.0
17681.727063118666,9462.348
239.199964396,687.864
29.466658688000003,65.70826666666666
269.191947468,67.1088
29.466655288,0.0
50.717328428,25.8624
185.59997904266663,36.34933333333333
9103.465308149334,4362.074666666667
10.399997188,109.0504
161.199954864,0.0
185.4665940493334,394.2624
413.5412524906666,984.2624
97.599986946,30.7552
142.13329648799998,44.7392
43.33331648333333,0.0
22.399997004,142.6056
138.49730578533334,67.1088
5018.3963756,0.0
24.26666032933333,37.39653333333333
2713.376925306667,2248.1456000000003
25.199985757333327,67.10773333333334
58.51999120000001,0.0
142.1332951213333,0.0
8392.796759088,5771.360533333333
32.933324377999995,71.30080000000001
140.399964522,464.168
1459.098425312,2650.7976
25.19998749333333,63.4376
3749.3979322753335,0.0
20.799994544,45.78586666666667
11.703998152000002,25.164266666666663
224.3266412133333,413.8376
77.99998875,117.4392
20.799996936000003,222.2952
21446.527592261333,3556.7674666666667
270.3999694673333,466.96373333333327
6384.530655888,167.772
58.51999076,341.13493333333327
31.199991648,164.97413333333333
80.9999598,72.69893333333331
835.466444304,1560.2792
19.506663733333333,170.56666666666663
198.96797008,458.5754666666667
76.26664613333331,55.92266666666666
3106.1325125973326,1029.0016
76.07598684400001,385.8752
2750.7992551679995,2670.371733333333
146.29996005,145.4024
58.51999120000001,11.184533333333333
69.33330437333333,271.2298666666666
58.51998988,164.97413333333333
51.99998594,156.58720000000002
2155.485959466667,6565.4816
20881.461044733333,4362.073866666667
135.199952056,67.1088
565.6932355066667,838.86
21380.658295313333,4012.549333333334
48.533314032,369.0984
861.4664373840001,1375.7288
2613.866389194667,9630.1192
162.933309896,246.0656
77.99998845,0.0
151.19997222399996,290.8048
105.73330572066664,54.524
202.799944386,234.8808
31.21066312533333,139.80933333333337
154.26663136333335,100.6632
25.99998982,220.89866666666663
275.043925552,721.4191999999999
11.703998152000002,57.66906666666666
175.5599736,419.4285333333333
4942.796430200001,0.0
456.455875356,693.4576
313.73324886666666,704.6424000000001
15.605330048,146.7992
