9.753331866666668,0.0
11.703998152000002,66.408
11.70399824,26.561866666666663
597.99991444,0.0
3882.66563328,321.5626666666668
3.4666653279999995,33.552
8.666663273333334,61.51386666666669
58.93331780666666,5.592266666666666
116.133303228,83.884
159.95462522933332,357.9136
21195.197750048,11366.562666666665
28.79998570666667,55.2224
23.99999729,0.0
11.70399824,37.572
2671.9996426200005,777.3426666666666
5.851998636000001,130.0224
861.4664373840001,1515.5394666666666
710.6664146533334,1565.872
4970.297844512,615.164
25.99999608000001,58.7176
10.399995992,41.9408
136.9333124246667,469.7616
15717.862410751995,14344.517866666669
25.99999724,363.504
6011.1983284240005,626.3488000000001
116.13331604733334,313.17440000000005
98.799974388,173.36293333333333
25.99999306,181.7514666666667
56.56932482666667,156.58613333333332
148.25064214399998,603.9792
23.407994672,62.388
161.90528021333338,178.95626666666664
157.73331034066666,100.6632
157.85710090357142,143.80342857142858
146.29998585,33.5544
17591.595351758002,3221.2224
176.799951516,67.1088
103.99998468,47.53253333333333
143.86662798866664,0.0
774.3999125573332,541.0624
11790.128658092,2393.5472
511.19961887200014,0.0
32.933324416,321.56106666666665
585.8665823919999,1577.0568
3718.797949150666,0.0
48.76665933333334,58.5432
10.399997336000002,117.4392
156.599936026,89.4784
321.86003212,134.2176
124.799966688,436.2072
129.999961,156.58720000000002
185.4666178033333,67.1088
187.263978752,357.9136
3145.99878516,10659.122666666666
2766.3996299940004,1051.3712
247.99996683,383.0778666666666
27.733325952,192.9352
62.42132347733335,190.1416
159.46662532800002,55.924
5319.5992204740005,1856.6768
155.99995890000002,234.8808
42.914659890666655,28.6592
77.99997978,33.5536
195.8666146113333,592.7933333333335
25.99999625,35.301066666666664
140.39994578399998,69.904
76.26664613333331,743.7882666666667
109.19996724,279.62
20.799996936000003,34.42746666666667
87.77998614,343.9312
298.452029784,123.0328
31.99999572,114.6424
25.99999309,78.29360000000001
885.7330192386664,922.744533333333
11.703997272000002,178.9544
11.703997712,43.68773333333333
20.799994344,64.48533333333334
25.199985757333327,86.5064
3189.3391607,67.10693333333332
25.99999636,58.7192
235.733270592,335.544
986.2664045473334,3920.2736
2323.2436681080003,4529.848
175.55995908,1019.2128
6.933331466666666,81.088
110.93330346666666,212.5112
51.99999252,61.514933333333325
112.6666502,22.3696
1864.8370388853327,4060.084266666666
27.733326496,69.02986666666668
21.599991176,64.66053333333332
2699.7222606933333,822.0808000000001
5.199999206000001,13.98
164.66664336000005,44.7392
639.8185704533333,1711.2744
1802.6661841066664,3814.017866666666
25.99999308,102.05973333333334
13.866662917333333,83.884
25.99999636,50.3296
21172.66103962333,4669.656533333333
29.25999582,39.144
51.9999862,33.5544
31.21065642666667,112.02133333333332
59.199992082,30.756
181.99995170000005,201.3264
188.93328355666668,78.29360000000001
25.99999302,88.07839999999999
8.666664336666667,64.3104
32.93332431466666,9.7848
23.407997736,31.97946666666667
25.199981212,54.69786666666667
15.99999786,134.21626666666663
111.187989246,514.5008
164.66664146,33.5544
32.933320274,251.6568
21.457330106666667,138.41039999999998
176.7999524,123.0328
23.99999679,148.19706666666667
1641.466433073333,2516.58
20.799994216,209.7128
25.99999309,55.921333333333344
38.13332312533333,117.4392
102.26663929066666,83.8848
58.93331764799999,64.31013333333331
25.99999304,127.22586666666668
133.46663165733335,167.772
367.466613808,603.9792
121.33331611333335,408.24426666666665
31.199991720000003,167.77120000000002
77.99998998000002,285.2112
177.5106843813333,67.1088
107.46663773333331,1124.0712
3576.598027571333,0.0
190.66661548000005,626.3474666666667
176.79997450000002,134.2176
81.46664476466667,111.84613333333331
29.25999582,41.94
5.19999881,86.68026666666667
695.0664792660001,1610.6112
772.4638664160001,950.7066666666664
146.299978,290.804
77.99997978,50.3304
29.2599923,83.8832
11.703998152000002,43.3392
79.73331266400001,134.216
95.399928874,0.0
21183.06096353333,4675.250400000001
171.6586837973333,626.3488000000001
21209.058256456003,5458.1864000000005
497.4665931946666,2125.112
144.349309456,548.0551999999999
103.99997188,279.62
25.99998989,0.0
228.2279571,436.20586666666657
129.99996545,123.0328
10.39999762,0.0
152.15201518400002,0.0
5.851999076000001,13.454933333333331
25.99999277,187.34426666666664
31.199993316,233.48026666666664
97.066642736,86.68026666666667
266.39980760000003,134.2176
232.2666323626667,184.548
181.41201810400003,246.0656
1.7333328693333334,137.01306666666667
100.53330684666668,592.7944
29.25999516,83.884
42.9146586,699.0490666666668
62.421321130666655,258.64586666666673
811.1998915019998,447.3904
187.199971344,167.772
161.199957158,0.0
204.81996766,288.00746666666674
10757.062173522669,771.7511999999999
88.39997735600001,195.7328
13.866662954666667,163.576
2395.199729542,0.0
155.99997834,0.0
45.499982185,146.8
77.99997957,83.88560000000001
11.703997712,43.16373333333333
109.23730425066664,145.4024
195.8666415053333,190.1416
31.199987628,36.348
11.703998152000002,21.493066666666667
69.33331501333333,279.62
57.19998493000001,33.5544
5763.5960401933335,0.0
117.0399692,121.6336
8990.798672128001,301.9896
11.703998152000002,113.2448
4.799999358,78.29146666666666
132.6453133866667,184.548
91.8666415093333,268.4352
503.9996537333333,626.3488000000001
21692.660734556663,4831.835733333333
133.46662662666668,156.58720000000002
71.06665614333333,50.33093333333333
136.54664613333335,236.27626666666663
51.99997978,64.31013333333331
142.39863454666667,1040.1848
109.199970474,167.77120000000002
10.399997644,16.776799999999998
202.8693013013333,275.424
72.799980204,0.0
41.59999048,285.21226666666666
159.46662397866666,44.7392
21831.329983063333,4683.638400000001
155.99997726,0.0
79.73331189733335,117.4392
1423.7997384426667,0.0
77.99998002000002,206.91786666666667
13.654664510666668,134.21679999999998
116.1333010393333,335.54240000000004
25.99998982,64.31013333333331
10687.729185670663,380.2832
31.199987868,277.8712
155.99995728,201.3264
51.999986,167.772
27.733322336,279.6197333333333
269.9999644,0.0
31.21065956266668,90.6992
29.25999494,2.796
8129.332092046668,559.24
11.703997272000002,22.892266666666668
71.06664777933331,44.7392
121.33330048,69.904
298.13327542666667,335.544
3030.399594684,830.4706666666665
795.5997854940001,939.5232
81.46665463466667,134.21679999999998
8989.063091784,167.772
120.94131059999998,218.1016
72.799980932,0.0
155.99995800000002,156.58720000000002
56.56932397599999,333.4456
24.266660170666665,184.5472
27.309327117333325,58.8936
3338.400291468,1090.5170666666668
125.99997685333334,134.2176
19.066664642666662,346.7269333333333
138.66664741333335,156.58720000000002
24.266663092,59.06746666666668
239.199937256,301.9896
20.799994416000004,31.97946666666667
5629.865144437333,693.4576
391.73323012666674,525.6856
48.533314330666656,201.3264
21456.93004051933,4991.219733333333
95.33330799666666,0.0
6896.930680666666,2684.352533333333
11.703997712,66.05839999999999
12213.061950544,18958.252
27.309330234666664,71.30160000000001
98.799974388,201.32613333333333
675.99973948,771.7501333333333
117.86663493333332,167.772
164.66660263666668,89.4784
155.99993934000003,44.7392
2624.266299269333,1392.5064
27.733325952,166.37226666666663
136.93329630866666,0.0
5.199998586,10.484
21240.263652182668,5312.783733333334
80.9999598,134.21573333333336
94.39998934066664,148.19706666666667
3820.799488968,1027.6016
156.79998229466668,475.35253333333327
3.9013327466666654,113.59493333333332
3.9013326,166.37173333333337
5288.398584336001,1929.377333333333
23.407997736,34.076800000000006
138.4973114653333,285.2109333333333
77.99997978,44.73813333333333
35.111992992,120.23546666666664
81.46665620133334,123.03093333333332
77.99998875,178.95520000000002
525.1998658719999,905.9688
3041.99920323,603.9792
10.39999762,0.0
6033.732495572667,1252.6976000000002
77.99997963,178.9568
29.25999538,0.0
56.569320148,475.3528
21.599997152,66.58319999999999
3353.195445336,9328.1304
204.53327826666663,234.8808
19.066663997333333,190.1405333333333
10.399995655999998,31.97973333333333
23.407997736,35.47573333333333
237.4666041033333,0.0
164.66662353666666,0.0
21489.86249267333,20020.809866666663
60.66665068333334,715.8272
3.901332453333333,89.47653333333334
21420.530062582668,4208.284
161.19995666199998,67.1088
146.29996005,0.0
228.799945176,917.1536
263.46659674666665,212.5112
147.33331248,0.0
166.399940992,201.3264
71.06664534666666,178.9568
162.93328890266667,134.2176
1.7333328953333331,125.828
12.133331634666664,148.19733333333338
653.4731613666668,301.9896
64.133315968,838.8584000000001
185.46661737533333,0.0
77.99996967000001,83.8848
11.70399824,23.76666666666668
77.99997900000001,134.21679999999998
4572.532081162667,2214.5904
117.0399824,78.29360000000001
31.199995224,254.45226666666665
4880.566647252001,1979.7096
168.13330759599995,134.21573333333336
140.39997953399998,111.848
20728.930168184663,4417.9992
76.26664786399999,223.69466666666665
25.99999602,69.90266666666669
143.86664630400003,0.0
166.39997536,44.7392
5.199997992,47.5336
21264.53107602133,6095.720266666667
25.99999608000001,0.0
32.933325796666665,313.1736
51.9999862,0.0
329.3332465666668,1241.5128
77.99998869000002,83.884
91.86664345266666,125.828
11.703997975999998,42.8144
1911.99974427,2502.599733333333
3605.33278976,1308.6216000000002
21.599991176,67.80693333333332
534.4825185239998,268.4352
232.2665696506666,397.0578666666666
83.19998726399999,145.40106666666668
29.466658778666662,241.86986666666672
6005.99839224,0.0
5765.0652852680005,1923.7858666666668
5.851998416,61.51413333333332
261.38929599200003,441.7981333333333
216.66661116666668,357.9136
20.79999448,70.95173333333334
114.399970784,192.9368
228.79994139200005,612.3664
69.33331253333334,0.0
100.53330615066666,234.8808
103.99997336,178.95520000000002
28.79998570666667,99.08773333333332
77.99998893,629.144
3.4666653306666664,0.0
3582.7990298880004,2147.4816
69.33332322666666,0.0
887.5531531533335,771.7511999999999
103.99997372,38.79626666666667
10795.198389024,212.5112
25.99999613,159.3824
171.599975118,0.0
85.82931913600001,142.6056
13.654664715999994,106.25413333333331
146.2999667,0.0
5.199998668000001,100.6616
155.99997996000005,0.0
25.99999619,25.164
1015.7330633826664,850.0448
776.5332162560001,1297.4368
10.399997236,58.7192
10.39999726,64.31013333333331
57.19999155200001,16.776799999999998
5.199999232,0.0
76.266646368,559.2392
181.99995009000003,55.924
3407.814102968,693.4576
74.125326164,310.376
284.39979460000006,335.544
27.309330692,116.04106666666668
9.753331866666668,0.0
183.73328386666665,0.0
149.06664545333334,0.0
21089.461053624,4250.227466666667
930.799861454,2091.5576
133.46663027133334,0.0
20.79999524,31.28053333333333
71.06664720533333,55.924
230.17864054933327,425.0224
100.799988618,72.69893333333331
27.733326496,80.73813333333332
604.7065757333334,4596.9552
15.599995824,130.0216
315.46662019599995,500.5192
24.266660170666665,185.9461333333333
17.555997228,174.7608
24.266660152,31.9792
105.335978976,548.0536
2229.0660742493333,10804.5248
5.1999986,64.31093333333332
199.33330465999995,33.5544
11.703997975999998,22.8912
177.51061819400002,33.5544
27.309330234666664,73.9232
155.99995632,22.3696
179.46131297066665,1912.6008
159.46662845600002,268.4352
21151.861037016,4627.713066666666
21.599991176,63.61173333333332
29.46666566933333,170.56560000000002
8969.9981025,905.9688
51.99997964,33.5544
343.19990957999994,402.6528
21703.060856922664,6053.7773333333325
17.333330673333336,69.90266666666669
237.9812859973333,0.0
21.59998928000001,67.45653333333334
25.99999912,212.5093333333333
81.46664539133332,514.5008
50.717328428,78.29360000000001
34.66665728,156.58586666666667
1416.5997397653337,44.7392
29.25999668,5.592
239.9319549,520.092
51.99998608,18.87173333333333
1581.9901476266668,391.468
239.931953178,313.17440000000005
358.922564608,894.784
36.399994904,58.7176
20120.525354768004,13645.467466666669
176.799951516,33.5544
20.799997,32.8528
756.8585357813333,984.2624
324.1332471886666,234.87920000000005
24.266662961333328,150.9928
97.0666408693333,0.0
724.5331379879999,872.4144
24.266660301333328,86.33013333333332
51.99997827999999,254.45226666666665
20952.53042415467,12705.942666666664
123.06663556866664,123.0328
1006.543841072,1409.2848
1578.0890248346664,1384.1176
58.51999076,156.58720000000002
27.309327117333325,78.11760000000001
25.199985757333327,76.54480000000001
46.81599260800001,164.97493333333333
83.19998384,83.88560000000001
176.799953624,100.6632
4409.599410215999,918.5512
908.2665321733336,357.9136
77.99998998000002,234.88
162.93328946666668,357.9136
155.99993945999995,156.58720000000002
77.99998805999998,139.808
3965.865598933333,9607.7496
25.99999613,55.921333333333344
29.25999538,0.0
13187.196748848,2600.4664
93.599974656,167.77120000000002
21139.72767438933,4831.836533333333
201.06661330666668,67.1088
29.25999538,0.0
1681.332889073333,402.6528
15.599995824,162.17839999999998
21713.463351187333,4711.600266666666
799.9998929999999,525.6848
20.79999448,28.6592
29.25999516,78.29146666666666
20.799994432,35.126400000000004
1092.3731115733333,1297.4368
77.99998875,55.92266666666666
11.70399824,35.6496
566.7998491440001,885.6952
20.799996936000003,32.85306666666666
25.99999304,60.11573333333333
20.799994544,80.7392
207.99994552,67.1088
20.799994544,40.0192
31.21065956266668,68.50533333333331
6025.065053802666,1118.4797333333331
158.003968464,212.5112
21.599987792,88.6032
146.29996005,0.0
21396.258182224003,4160.747733333333
83.19998726399999,413.83706666666666
294.550585026,905.9688
212.62260911466663,676.6794666666667
181.99995163,33.5544
122.892012264,257.2504
5.1999992520000005,78.29146666666666
69.33331488,301.988
93.599974836,262.8410666666667
171.65862219733333,100.6632
126.53331488866668,0.0
103.9999724,38.4464
21025.327793966662,3937.050666666666
410.7999369580001,13.6296
226.277270616,78.29360000000001
90.13330906666664,209.712
1164.54782488,2606.0584
77.99997939,0.0
27.309327117333325,111.49653333333336
51.999986,335.54240000000004
183.9199523542857,59.91857142857143
116.13331671733332,0.0
103.99998412,452.9829333333335
11.70399692,24.2896
25.99999301,150.99413333333334
29.25999494,111.848
3965.866245674666,1733.644
24.26665996533333,57.84453333333332
5.1999986080000005,61.51386666666669
10812.530476329332,3366.626133333333
136.93329588733332,44.7392
15.599995824,169.16826666666665
143.8666286526667,0.0
4874.715193655999,8265.572266666668
105.73330502933334,285.212
116.133316226,465.5664
6.933331624,95.06826666666666
10722.397150316,7068.798666666668
25.19998749333333,95.24373333333334
6063.199141824,1185.5888
20.799994872000003,61.34
5.85199912,58.7192
165.80662139,145.4024
1342.3998204539998,629.1434666666667
28.79998570666667,56.796
269.191946456,0.0
129.9999655,134.2176
1.7333326546666663,83.884
35.111996604,198.528
147.33330471666662,0.0
192.399973064,145.4024
20994.13025688533,4585.770666666667
150.20130848800002,838.8584000000001
29.466655129333333,184.54853333333327
2336.5330017253327,760.5664
23.407997736,109.7496
1.7333329366666663,27.96
25.99999309,50.3288
1589.4664319146664,760.5664
25.99999608000001,22.368
50.26665330733333,184.5488
98.799973932,0.0
233.99988386666664,469.7616
95.33330726333334,55.92373333333333
284.39979460000006,167.772
5.851998636000001,156.58586666666667
79.97732010399999,150.99439999999998
12.133330085333332,134.21679999999998
24.26666022666667,65.18453333333332
161.199979292,55.924
24.266662942666663,209.7130666666667
260.799965118,285.2112
11.7039978,25.8632
77.99997900000001,430.6144000000001
157.73330997666667,167.772
31.21066312533333,40.3688
10997.856847471998,838.86
265.29063656533333,44.7392
136.54663129333335,44.7392
21.59998928000001,103.2824
52.66799168399999,95.06986666666668
152.53330370666666,55.924
3826.797889590666,0.0
9.599998572,86.68026666666667
27.309327117333325,75.4944
2659.199699732,1006.6314666666668
10.399997224000002,78.29146666666666
31.210663648,40.8928
120.94130150666663,732.604
121.33331611333335,167.772
88.3999762,156.58613333333332
155.99995823999996,156.58720000000002
53.73332103666666,301.988
213.199946126,212.5112
181.99995107,290.8048
29.259993400000003,248.86026666666663
117.0399824,234.8808
9855.730713982666,313.17440000000005
889.1997729120001,1465.208
117.03997108,67.1088
107.4666381053333,866.8208000000001
24.26666022666667,55.39733333333334
2617.7942533306664,3590.3216
699.1999064820001,151.34293333333332
25.9999945,128.62506666666667
13.654664613333331,146.7989333333333
27.309330692,98.3896
136.54663997333336,444.5944
24.26665723066667,176.1584
152.53331080533334,134.2176
32.933328368000005,374.6896
222.375953184,603.9789333333332
10744.931758787334,5603.587466666667
21053.065954101334,8209.648799999999
31.210663648,42.11626666666667
194.1332842773333,123.0328
155.99997612,89.4784
25.99998966,164.9744
5010.908325781818,1990.3854545454544
261.3893036746667,55.924
181.99997305,201.3264
232.26660547333333,335.544
4.799999286,39.14586666666667
23.40799232,109.5736
155.99995854,201.3264
1385.6696059885712,671.088
194.133305408,134.2176
20727.194587012,4563.400799999999
21781.062059133328,4306.151466666667
21.599983896000005,60.4664
114.399968892,117.4392
665.5999248426666,382.9408
58.51999120000001,0.0
3592.798018637333,0.0
1933.1103614386664,3087.0048
237.981283232,503.3144
747.0664635219998,0.0
2698.799269248,3534.3976
83.19997788799998,0.0
244.399932508,1694.4965333333334
6014.665077406668,413.8376
191.165301712,167.7706666666666
77.99997963,89.4784
117.03997108,0.0
128.266631936,0.0
48.76665859999999,313.872
27.733329312,55.3984
181.411948416,257.2504
155.99996124,480.9453333333333
5.851998636000001,149.59573333333336
11.70399824,13.1064
2615.399519541333,178.9568
357.066528784,939.5232
51.999986,134.21679999999998
185.599975176,503.31493333333344
157.7332897746667,89.4784
23.407997736,41.068
2352.503663928,4037.7144
3091.806039006666,1286.252
71.06665655333332,0.0
159.9546347413333,0.0
34.66665309333334,111.84666666666668
100.53330615066666,27.96133333333333
109.19998404,0.0
410.79989177,760.5664
25.99998988,0.0
21586.92742183467,3489.6576
20068.530369365333,7284.106133333334
149.0666273933333,0.0
10666.929156818667,8791.259733333332
1416.1328311506668,822.0818666666667
185.31329634666668,89.4784
173.3332889333333,156.58720000000002
76.26665569599999,69.90453333333333
257.4879750960001,0.0
25.35866285333333,173.3632
155.99993934000003,0.0
3119.9995359,872.4144
29.25999334,82.3112
1353.732794964,11061.776266666668
27.733322624,58.0192
71.99999036999998,22.368
58.51999120000001,246.0645333333333
213.199969332,111.848
117.03998152,67.1088
136.79998196266666,134.2176
181.99995114,67.1088
209.7333039706667,0.0
3183.487449472,192.93546666666668
932.4185194426666,1386.9152
79.73331186666667,486.5376
103.99997416,486.5376
124.84264695466668,67.1088
169.707961372,178.9568
91.86664207466669,67.1088
64.371988868,370.4949333333333
1345.0663324693332,603.9792
208.721276338,246.0656
77.99997963,0.0
142.13331272399998,234.8808
334.53328392533336,729.8064
161.199976502,55.924
21449.996964,5033.164
198.967954712,100.6632
21.599997152,68.3304
138.66664640000002,44.7392
3423.3324116666663,1565.872
23.407997736,35.8248
11105.143663386669,8455.714666666667
114.399969376,1610.6112
180.2666406666667,234.8808
20.799994544,77.59360000000001
1055.3104524306664,3976.1976
27.733325973333336,33.9016
20.799996936000003,222.2952
28.79998570666667,58.89226666666668
135.19996380799998,145.4024
31.199996688,131.42026666666663
110.93329019733332,134.216
155.9999775,44.7392
135.199947428,33.5544
220.1333020913333,167.77146666666667
57.199991574,629.1432
3653.597653998,212.5112
3.901332688,53.6496
25.99999619,15.7272
31.199991708,162.17813333333334
11.703998064,201.3264
688.5852194319999,251.6552
103.99998412,201.3264
9.599998572,27.9608
9.753331793333334,176.1584
133.46663073333335,167.772
50.26665953266667,265.63706666666667
376.4785647626668,1029.0013333333334
11.70399692,37.2224
25.19998970533333,65.8848
56.56932482666667,159.3824
29.466658824,134.21653333333333
71.06665912266665,738.1968
25.999989690000003,2.796
19.50666344,114.6416
298.451948388,503.316
237.9812886,581.608
29.25999538,187.34346666666667
119.59995381599998,486.5376
135.19996380799998,369.0984
467.9999382933333,0.0
95.99998916,54.5232
25.99999602,142.6056
21002.796793034,3523.2128
2359.9996843500007,964.688
187.199973072,78.29360000000001
29.259993840000003,33.5544
75.59996248,159.3816
93.63198521600002,362.1061333333333
10852.395788433998,4384.4437333333335
20534.794542481995,12258.5504
76.26664604533333,0.0
198.96797742400005,570.4248
51.99998,329.9501333333334
29.466655129333333,153.78986666666668
103.99997232,206.9181333333333
118.990646984,100.6632
148.2506814613333,0.0
657.3745628706665,279.62
95.99998716,54.5232
36.399985748,198.5277333333333
58.51998988,201.324
24.26666022666667,181.7514666666667
234.07993512,201.3264
214.57329622666668,2181.036266666666
154.2666276846667,234.8808
217.5999754293333,766.1578666666667
158.00397505200002,732.6034666666667
133.46663468600002,33.5544
8.666664346666668,148.19626666666665
273.599969106,459.9738666666666
2633.399604,1065.3512
25.99999306,95.0696
117.86663688266668,679.4754666666666
66.32265669333334,0.0
767.8665532586667,1375.729333333333
31.21065956266668,100.1376
299.86658593333334,0.0
10838.531745071332,346.7288
51.99998617999999,44.7368
35.111996016,71.65066666666668
246.1332702853333,8.736
240.9332974713333,587.2008000000001
159.46664219466666,0.0
95.33330821666668,285.2112
10829.864375733332,3355.4408
119.599982888,167.772
155.99996430000002,0.0
21663.194200928003,3601.5056
169.70795603599996,67.1088
24.266663148000003,39.31946666666667
98.799985978,391.4664
21838.263323732,5033.1632
77.99998851000002,44.73626666666667
21734.260823492663,2936.0112000000004
1468.799730176,0.0
2820.5986001466663,0.0
93.599976924,114.64293333333332
6.933330655999999,44.7368
76.07598856,285.212
478.3998669679999,246.0648
213.19994383,458.5768
384.28127554666673,1330.9912
22.533324372000003,155.1888
608.6078764480001,2483.025866666667
21616.396699342,3788.852533333333
124.7999736,111.848
25.999993,7147.0912
183.733306904,167.772
103.99997372,33.9024
144.349319372,234.8808
705.4664748340001,402.6514666666668
71.06664764266665,0.0
103.99997336,341.1357333333333
176.79995049599998,167.772
21534.927444357338,6777.9928
468.15987024,805.3056
207.99997328,134.2176
21512.394324036,4116.0088
77.99997879,201.3264
1043.6064312666665,4362.073333333333
133.46664628733336,22.3696
194.13330839466667,0.0
62.399990424,0.0
69.33331488,11.184533333333333
29.259995600000003,159.3816
195.0666256,520.092
3.4666653279999995,61.5136
43.33332671666667,346.7277333333333
97.06662925866664,268.4352
7893.597862656,6962.542933333333
29.25999516,156.58613333333332
64.37199032000001,738.196
27.309330234666664,41.06746666666667
93.599976744,285.21173333333326
51.99999226,0.0
185.46661544933332,134.2176
21066.93019760133,5899.985333333332
324.133242576,167.772
71.06664791600001,0.0
77.99997978,156.58586666666667
17.555997228,44.7376
31.199991708,184.5472
169.86662067200004,268.4352
25.99999308,58.7176
77.99998077000002,48.232800000000005
265.19992768199995,1565.872
5.8519989,169.16853333333333
1131.3864880266667,1778.3832
181.411979416,223.696
11.703998064,40.5424
21765.460856961334,3858.7584
77.99997906,100.6616
29.25999538,19.57253333333333
351.11989992,402.6528
103.99997336,430.6136
152.15196963200003,201.3264
154.10262395400002,0.0
21564.396947808,4272.595733333334
173.33328666666665,123.0328
101.434656856,19.9216
181.99997207,662.6976
25.99999306,222.2952
29.46666226933333,258.64666666666665
45.066654689333326,167.7704
25.99999304,12.5808
51.99999262,327.1544
44.86532557466669,268.43440000000004
178.53328526666664,201.3264
20.799994416000004,25.337866666666663
152.5332931466667,0.0
220.133272966,89.4784
157.73331143266668,167.772
221.86660983466663,601.1813333333334
317.19995327399994,637.532
64.13332423133333,858.4317333333332
11.703997712,53.65066666666666
21545.32759896,8081.023466666667
389.99994285,1006.632
29.259993400000003,192.93626666666665
114.399969244,178.9568
14.399998074,285.2112
172.799980488,394.2624
21656.26073618133,4339.705333333333
25.99999309,44.73626666666667
11.703997975999998,57.4952
103.99997508,184.5488
183.73326139466667,419.4288
5.199999206000001,30.756
211.199971752,249.56
20.799994256000005,65.3592
11.70399692,42.4656
129.99996445,33.5544
113.138655724,404.0485333333333
21.599991176,61.68986666666668
779.9997923999999,1459.6152
145.59997855199998,205.5184
25.19998749333333,54.87386666666667
10767.463916821333,525.6856
25.99999315,178.95520000000002
979.33307268,3145.7256
23.407997736,37.74773333333333
299.866594814,251.6568
5.8519994340000006,19.7456
6005.99764842,100.6632
161.199954864,134.2176
781.7330068093332,1946.1552
71.06665655333332,0.0
180.2666175093333,89.4784
21425.730177158,4334.112
73.14998735,335.5422857142857
146.29996210000002,89.4784
25.199985757333327,71.12666666666668
102.26665352933333,234.8797333333333
10483.198816272,10715.045333333332
25.99999602,162.17839999999998
117.03997664,237.67626666666663
183.7332618893333,55.924
25.07999757428572,111.03514285714289
6.933331624,111.8472
3107.199537804001,2796.2
5169.5962664,0.0
230.17862166933327,603.9792
117.0399824,35.951142857142855
78.02665434666667,125.828
6531.197488000001,704.6424000000001
24.266660217333325,285.2112
29.259995600000003,50.3296
27.733326058666663,76.1952
575.99993496,234.8784
5.199999262,123.03093333333332
180.2666406666667,67.1088
177.51063596933338,609.5709333333332
135.19996266400003,11.1848
4028.397723208,0.0
21.457331258,53.30133333333335
5.85199912,0.0
62.399983296,33.5536
71.99999187,65.70826666666666
11.703997975999998,45.7856
618.7997539080001,603.9781333333333
100.53332041866668,178.95626666666664
143.86662743533336,33.5544
676.8812213680001,268.4336
23.99999729,25.164
97.06664012266668,0.0
1067.7331756373335,9764.3376
62.42131690666666,21.318933333333334
259.438623752,405.44746666666674
318.93328635200004,0.0
2761.198629626667,0.0
2683.798519934,21318.24693333333
176.79999401600003,313.17440000000005
79.73331266400001,156.58693333333332
109.23730425066664,22.3696
8.666664353333335,156.58586666666667
22.53332742266668,32.154133333333334
8822.663212253336,1778.3832
58.51999434,234.8784
11.703997712,20.445066666666666
105.73329221933332,332.74586666666664
121.599981912,67.1064
27.733325792,30.75546666666667
7.802665141333332,152.39093333333332
136.54664305333336,1286.250933333333
3.901332776,184.54746666666668
25.99999443,190.1392
31.21066312533333,66.58239999999999
150.2013073586667,201.3248
10791.731722874669,1890.2312
4700.799282224001,9865.0016
663.2264921333333,156.58720000000002
12.133330094666665,95.06906666666669
74.12532051466667,514.5
60.66665068333334,95.07013333333332
181.411948292,111.848
232.12931088200008,2594.8736
738.399799212,0.0
209.73330227666668,100.6632
528.6665879766666,1230.328
19475.728059904,4669.657066666667
136.5466451066667,1191.18
22.533327284,55.048
251.33329747,0.0
136.93329588733332,111.848
237.981286892,22.3696
27.733326058666663,75.14666666666669
105.73330474466664,28.658666666666672
83.19997868800002,30.7552
161.199954864,123.0328
497.4665283326666,508.9074666666667
51.99998612,83.884
22.53333043866668,191.5373333333333
9.753331646666668,25.1632
288.6986167413333,704.6424000000001
329.66257529400013,749.3815999999999
135.19997935600003,11.1848
27.309327117333325,50.154933333333325
62.42131690666666,23.06693333333333
259.4386025606666,0.0
21027.06367435333,9059.695466666666
582.3998680639999,0.0
157.73331058333332,134.2176
308.2053640906667,246.0656
892.6663501133335,981.464
648.2664128453332,357.9136
77.99998869000002,111.848
138.66662938666667,100.6632
161.19995722000004,0.0
31.1999934,195.73306666666667
77.99998851000002,39.144533333333335
6967.999008399999,9193.912533333334
159.4666047813333,357.9136
7070.264784888001,4004.16
26.99998897,55.922133333333335
29.259995600000003,44.2128
10107.062763784,6979.319466666668
1495.8664457386665,3646.246133333332
64.37199032000001,0.0
77.99997879,111.84666666666668
5791.065844780666,7527.376266666667
19472.259147376,3551.1765333333333
5.199998668000001,86.68026666666667
10.399997224000002,123.03146666666665
69.33331490666667,0.0
36.399990284,27.96133333333333
265.290641008,0.0
25.99999304,111.84666666666668
133.4666475706667,0.0
31.199987784,212.50853333333333
91.86664182733334,251.6568
29.25999538,192.936
15.599997618,145.4024
77.99998851000002,57.319466666666685
112.66663637666664,1196.7725333333335
97.199927532,89.4784
138.66662954666668,89.4784
369.199900884,0.0
21.599987792,89.12639999999999
10587.1971496,8287.942666666668
25.99999613,62.912
25.99999359,205.5192
36.399990326,150.99439999999998
9.753331793333334,150.9930666666667
71.06664769733332,615.1629333333333
21229.86102442133,4725.580266666667
234.07995344,0.0
48.53332640799999,76.89333333333332
79.73332109733333,195.732
29.25999538,185.2469333333333
583.249174066,1454.024
4.799999286,75.4952
24.26666027333333,29.35733333333333
34.66666166666667,260.0448
25.199985757333327,91.92293333333332
97.06664213866664,195.73146666666668
31.199987784,144.00320000000002
25.999992820000006,67.1064
97.199927532,201.3264
23.407994672,50.50506666666666
93.599976348,260.0448
922.1329744106666,2248.1448
25.199985757333327,84.9328
17.333326440000004,102.05973333333334
3189.3391607,58.02026666666668
3577.59913312,1420.4696
26.99998897,65.0104
135.19997935600003,33.5544
563.742535268,897.5786666666665
95.33330700666669,268.4352
173.33330833333332,111.848
95.58264798133337,336.94106666666664
4400.9326579593335,1744.8288
155.99995805999995,156.58720000000002
1137.2384956533333,1364.5442666666663
162.93328971733334,201.3264
3426.7991788860004,1286.252
10675.595820092,6845.102400000001
134.595978748,422.22373333333326
10.399998492000002,8.388
161.90531767400003,1207.9584
211.46660981466664,212.5112
204.81995912,55.924
190.66661643333336,134.2176
20.799997,31.4552
77.99996988,300.5906666666667
19019.863835632663,5005.201333333333
138.49729745466666,190.1416
21614.660814079994,3825.202666666666
10.3999972,39.14426666666667
93.632009344,95.06933333333332
21449.99434875,6420.0792
107.46665145599998,268.4352
114.399969596,754.9736
179.461284328,335.544
57.199978,1121.2765333333334
4416.1690702800015,551.2508571428572
671.0291971093334,4882.167733333334
10.399998544,148.1976
807.5758603440001,816.4904
497.41986417,536.8704
10394.795930036,6464.819733333333
220.1332744053333,178.9568
129.9999653,0.0
86.66665343333334,587.2010666666667
3675.597972974666,0.0
12025.864964543998,2013.264
24.266660301333328,87.5536
9952.797305088,2919.2341333333334
3565.817678328,536.8704
1821.9223789946668,2941.603733333333
19.506663586666672,183.14986666666667
757.4664606939999,492.1296
159.46664366666667,67.1088
1610.2663260333331,2538.9496
93.63198521600002,343.9312
10809.063731589333,357.9136
1560.5328213333332,469.7616
25.99999602,83.884
69.33331448000001,44.7392
181.99992923,760.5653333333335
292.59995380000004,452.9824
10.399998412000002,89.47653333333334
131.73331387733333,67.1088
140.39996301000002,89.4784
259.9999315,503.316
135.19997935600003,89.4784
44.865328242666656,216.70346666666669
120.94130580533331,67.1088
7.999998810000001,97.86533333333333
13.866662954666667,159.3816
119.599969778,67.1088
29.466655129333333,114.64293333333332
195.866636684,167.772
25.99999,782.936
77.99998805999998,16.7744
25.99999302,57.319466666666685
64.37198306,11.1832
117.03998064,167.772
322.39987488400004,0.0
132.64530744799998,190.1416
5763.332475483334,2309.662666666666
187.19997496200008,573.2184
98.799973552,251.6573333333333
1176.2518231200004,2102.7424
13.866662938666662,201.32346666666663
237.4666043773333,391.468
300.799959768,355.1152
10767.464359944002,3523.2136
211.466609896,100.6632
25.199996677333328,26.38613333333333
21583.458332128,5844.0616
31.21065956266668,57.84426666666668
58.51999076,156.58720000000002
653.4732301533335,402.6528
77.99998998000002,268.43440000000004
166.39995577599996,425.0224
29.466658688000003,95.06906666666669
58.51999120000001,150.9936
29.466662156,167.772
228.79993972000003,123.0328
154.26662513333332,111.848
202.799970828,167.772
5804.99601175,0.0
7.802665493333333,48.4072
1492.2597756,0.0
25.99999343,204.12053333333333
13518.263099924005,3288.331733333333
204.81994407,246.0656
259.43862180133334,480.9464
79.9999893,19.572
757.4665550860001,1084.9242666666669
5293.598593124,10748.601333333334
230.399973984,5.592
57.199984798,402.65173333333325
246.13326848666668,145.4024
76.26665569599999,27.9616
155.99995692000005,167.772
5085.386590482,1174.404
161.90531020400005,419.4290666666666
11.703998152000002,43.513333333333335
3.9013327173333336,53.9992
31.199987952,59.94293333333333
27.309330692,114.8176
251.635975662,0.0
25.99999304,199.9256
117.86663529599998,264.24
25.99999306,100.66186666666668
39.86666113133335,223.6949333333333
117.03997108,190.1416
14135.32959834333,3288.3312
1171.1998433519998,399.8552
391.7332287706668,2382.3632
71.99999187,20.968
9.75333142666667,144.00320000000002
3.9013325706666655,16.4256
2547.199659312,1006.6304
473.599936656,66.75733333333332
2126.399715594,1001.0381333333332
2068.199620064,0.0
29.25999538,161.47866666666664
201.599977236,822.0816
77.99996994,0.0
1353.7624630933335,1543.5024
101.434656856,659.9032
21.599991176,65.5344
84.93331046666668,156.58533333333338
103.99997336,218.1032
17.555996304,190.14
25.99999334,117.4392
13.866664645333335,137.01306666666667
65.866649592,131.42053333333334
20973.33027606667,4093.637866666666
348.39990646800004,0.0
155.99995746000005,223.696
79.73331189733335,123.03253333333336
244.799972358,564.8312
25.199981212,55.5728
232.129288034,22.3696
58.93331746666666,452.9826666666667
11.703997975999998,55.922133333333335
103.99997224,301.9896
24.266663092,29.53173333333333
228.22794680400003,444.5938666666666
44.865325912,325.0576
20.799994544,85.4576
23.407997344,44.03866666666666
117.866641416,206.91786666666667
27.309327117333325,81.78693333333332
10.399997644,0.0
7907.464717172,1823.1224
6227.865737277333,704.6424000000001
424.6665523333333,16.775733333333335
45.06665527866666,83.884
26.333995644,79.68960000000001
122.891972028,145.4024
3.466665924,13.280266666666664
27.733325973333336,64.66133333333335
216.66660833333336,324.3592
146.29997580000003,360.708
1147.4665073453336,2712.314666666666
7130.930579696,782.936
7952.531121917334,9674.858933333331
11.70399824,42.2912
21498.527446042663,11319.0264
135.199963444,111.848
24.266657295999995,53.3
25.99999293,19.57013333333333
27.733327392,260.0445333333333
25.99999309,33.552
310.39996495066663,482.344
55.466643498666656,229.288
21446.527625256,4641.694933333333
20900.52781076933,5681.8821333333335
48.76665383333333,257.2485333333333
356.971898252,805.3056
244.39993561000003,0.0
365.7332351480001,447.392
140.447986416,352.3184
5.199998601999999,103.45786666666667
51.99998,520.0928
4465.599402725999,1056.962666666667
50.26664698533335,67.1088
183.36262530666667,1353.3594666666663
251.63596216,1744.829066666667
22.533329892666675,67.10719999999999
71.06665912266665,128.62346666666664
131.73329832266666,67.1088
5.85199912,0.0
12.133331476,117.4392
51.99999238,0.0
145.59997849599998,162.17866666666663
29.259995600000003,23.965714285714288
20463.727886832,4166.34
31.199987784,153.79013333333333
29.25999516,0.0
25.99999293,20.968
494.9997977833333,0.0
2096.999614773333,0.0
25.99998989,123.0328
5.8519989,180.35306666666668
25.999992820000006,28.6584
35.111994456,150.9936
189.21461545066663,866.8210666666668
51.999986,458.5752
25.99999302,164.97493333333333
29.25999318,19.572
346.66661559999994,822.0816
162.93326997733334,257.2504
135.19996438,123.0328
71.99999036999998,123.03093333333332
11.703996832,38.44586666666667
21051.33033756667,4004.159733333333
10.399997188,145.4024
70.223986272,272.628
131.73329786666665,67.1088
211.466636248,201.3264
72.7999804,89.4784
126.53328846266668,301.9896
129.99996595000002,0.0
6.933331506666668,86.68026666666667
1.950666286,125.828
36.39999021399999,173.3632
24.266657295999995,38.270933333333325
24.26666013333333,69.90266666666669
154.26664311133337,78.29360000000001
107.46663814666668,190.1416
17.33333090666667,209.7128
3617.99800474,1879.0464
142.13331261466664,67.1088
3081.865476592001,861.2296
159.46662201600003,33.5544
1709.0660080186667,1901.416
23.407994672,53.30106666666666
530.9996041100002,44.7392
74.53330466666667,648.7176
523.4665893546667,125.828
95.582650856,777.3418666666666
77.99998215,0.0
152.15195673600002,44.7392
21.599991176,61.34
2981.33252608,1789.568
25.999993,192.936
2627.54760488,897.5791999999999
107.28665629,581.6096
135.199964536,178.9568
222.375964888,508.9069333333335
99.483982796,240.472
178.53330765199996,268.4352
23.407997344,42.8144
168.13328864866662,100.6632
34.66666137333334,25.86346666666667
83.19997763199999,117.4392
25.99999343,61.51386666666669
25.99998982,134.21626666666663
190.6666421733333,190.1416
22.533327778,205.5192
81.46663520799999,156.58720000000002
10625.331804919995,1252.6976000000002
25.99999666,174.7610666666667
9.753331646666668,16.601866666666666
81.46664520333334,67.1088
10231.864144118,1565.872
290.64927661400003,89.4784
29.25999516,137.01226666666665
1798.5143962133334,1811.9376
620.7999299013333,346.728
21.457329945333328,146.7989333333333
188.9332827573333,201.3253333333333
230.178644404,2438.2864
23.407994672,50.3296
28.79998823466667,85.63146666666665
202.86931031466665,324.3592
62.399985048000005,162.17813333333334
192.39994931,33.5544
162.93329040666669,78.29360000000001
21501.99427716,4264.2082666666665
3108.5976823660003,0.0
25.99999087,192.9368
10.39999726,95.06906666666669
10.399997644,0.0
109.23730425066664,123.0328
90.13332033333334,134.216
76.266645312,0.0
1587.8423562613336,0.0
581.2985748826668,150.99439999999998
25.99999309,138.4112
6099.598437564,883.5992
25.99998982,50.3288
8846.932036917333,2796.2002666666663
77.99998851000002,109.0504
1.7333328619999997,20.619466666666668
25.19998970533333,66.75786666666669
57.19999155200001,83.884
292.93325446666665,3349.848
135.19996266400003,0.0
120.94130580533331,0.0
712.399724904,313.172
866.6663593333334,894.784
8.666664336666667,53.12613333333333
84.93332431733333,341.136
29.259995600000003,394.2626666666668
204.53328652666667,167.772
113.138640296,394.26133333333325
366.72522905599993,1386.9152
150.799959226,55.924
25.99999617,218.1008
34.666661493333336,254.45173333333327
51.99999232,134.2176
1001.866452036,2181.036
21224.66102580333,3984.5872
28.79998823466667,69.72853333333335
93.631974656,243.2672
266.933261056,1006.632
25.99999304,164.97493333333333
79.97732130666667,0.0
67.599991316,285.2109333333333
341.36661790000005,2116.723733333333
181.41196459800005,212.5112
204.5332797613333,89.4784
128.26663233066668,212.5112
81.466644984,447.39066666666673
18009.330770466666,5860.8392
183.7332845733333,33.5544
25.99999636,41.94
2809.7322396986665,3075.820266666666
152.15196963200003,134.2176
21285.33024696,4429.1832
238.399968114,494.9264
135.199963444,67.1088
1732.7997682379998,3309.304533333333
22.533330066000005,148.19733333333338
11.703998152000002,38.97066666666666
178.53330724,369.0984
7.802665376,34.77626666666667
29.25999538,176.16
121.33330267333336,556.4426666666665
109.19996724,335.544
25.99999304,134.21679999999998
1450.4597818857144,0.0
31.199991720000003,188.7432
210.67194542400003,425.0224
129.9999862,249.56
46.799987274,124.42986666666668
21403.19436108,3937.050666666666
21.599987792,72.87360000000001
25.99999315,69.72933333333332
29.259993400000003,156.58693333333332
36.399990144,54.5232
133.46664767333334,100.6632
135.199980032,0.0
13.654663792,121.6336
265.20002315399995,0.0
46.39999476066666,103.45786666666667
25.99998982,114.64293333333332
135.19996266400003,67.1088
237.46660666066663,218.1016
7075.4647835040005,1386.9152
384.7998966960001,0.0
1400.3997427413333,357.9136
58.5199846,592.7928
1.733332906,128.62426666666664
220.1332748286666,1073.739733333333
443.7332212053333,905.9677333333332
211.466608676,301.9896
71.06664810733332,0.0
362.266613302,0.0
129.99996575,0.0
655.4238275199998,290.8048
64.37198741600001,234.87866666666665
192.399972324,279.62
138.66662938666667,33.5544
1476.6544446133337,0.0
159.46662845600002,0.0
5.199998618,83.884
161.19997613,156.58720000000002
27.733329386666664,134.2176
152.151970308,123.0328
19.066663858,68.5048
175.066640878,827.6738666666668
565.066442596,961.8928
228.79994139200005,654.3104000000001
9077.463067102002,3556.767733333333
10.399995992,0.0
259.999945,150.99439999999998
8976.929873761334,268.4352
58.51999076,69.90266666666669
57.19999155200001,0.0
128.74396612,738.1952
29.259995600000003,64.31013333333331
7.802664613333333,30.05653333333333
150.799978888,0.0
581.2985661413334,360.708
77.99997927,218.1024
124.842654592,405.4466666666668
77.99998869000002,201.3264
327.99996296333336,500.5189333333335
19.799991911333333,70.428
138.4973056906667,123.0328
71.06664824399999,0.0
25.99999602,148.19706666666667
2395.199729542,0.0
655.4238275199998,201.3264
83.19997763199999,190.1408
103.9999762,39.14586666666667
1738.043529552,2634.0210666666667
22.53332730133333,0.0
57.199986294000006,111.84666666666668
29.25999428,0.0
58.51999076,83.884
166.399976064,469.7616
21645.86359461867,4110.416533333333
25.99999308,71.30080000000001
149.06662676266666,0.0
10789.9971199,4160.748533333333
10.399997644,50.3304
22.53332734466667,603.9775999999999
500.3996562066666,0.0
124.7999664,268.4336
197.599948244,100.6632
34.66665728,19.572
126.53331990133336,318.0666666666667
164.66662258666668,559.24
207.9999524,111.848
249.59993424,134.2176
32.93332858333333,195.7328
58.51999120000001,176.15946666666667
9.753331133333331,69.204
189.2146451973333,234.8808
10490.131784021332,5782.5456
10.39999726,39.14586666666667
246.3999721773333,465.5664
50.71732532533333,48.93173333333333
122.89196766,715.8261333333332
21385.860982961327,4893.3533333333335
9.75333172,226.4912
103.99998464,134.2176
135.19996365199998,78.29360000000001
88.39998694399998,223.696
20.799996984000003,41.7672
171.6586369813333,1426.0608
1842.533137741333,626.3488000000001
76.26664613333331,754.9728
117.0399824,134.2176
1063.1131175133337,2868.9016
325.866578432,699.0493333333335
48.59997588,215.3048
7.802665434666668,163.576
90.133309136,123.03253333333336
11.703998152000002,22.01866666666667
68.27332152666668,307.58106666666663
9661.59745454,20468.2016
17.333328693333335,191.53706666666668
57.19998493000001,139.80933333333337
2419.732732122667,3635.061066666667
133.46663057933335,55.924
5.1999989,114.64293333333332
11.70399692,44.56213333333333
138.49730209333333,1353.3597333333337
10.399998412000002,67.10719999999999
10713.730737313332,7203.0165333333325
2069.999619733333,0.0
3745.7979342606673,0.0
296.400025878,0.0
31.199995224,234.87920000000005
77.99997963,0.0
8482.931036416,10267.6544
29.25999416,159.3824
58.51998636,369.0968
4203.332706066666,782.936
19.066663858,32.1544
10.39999762,50.3304
103.99997216,234.8808
156.05330288000005,89.4784
5.1999986080000005,201.3256
259.1998128,67.1088
25.99999306,528.4805333333334
177.51063997333335,492.1304
1507.8651065866666,0.0
3353.3986300740003,0.0
15.599996004,125.828
39.01332658666667,279.61920000000003
166.39997599999995,44.7392
138.49730578533334,134.2176
81.46665510466667,872.4144
46.815990656,274.0258666666666
83.19998774400001,75.4952
251.33329766333333,201.3264
9437.99748804,715.8272
703.7331435960001,671.088
977.599869246,173.36293333333333
48.76666113333333,125.828
11.703998064,54.34906666666666
102.2666399593333,0.0
1611.199784502,1523.9282666666666
53.73331905266665,251.656
1.7333329666666666,97.86533333333333
289.4665887333333,1235.9192
491.39966239,536.8704
133.46663016866668,67.1088
58.51998988,315.96826666666664
242.6666027333333,0.0
51.99998668,173.36373333333336
4861.998715309999,9663.6752
154.10264233466668,1040.1856
110.933303296,97.8656
11.70399692,20.620266666666662
20.799996936000003,54.699466666666666
475.1999373440001,0.0
164.66662398000005,67.1088
1396.7997434026663,134.2176
737.351872488,1174.404
31.199991648,2315.2536
128.74396612,855.6357333333333
192.3999482,167.772
169.86664288533336,212.5112
243.199967472,528.48
25.99999603,67.10719999999999
5.1999979960000005,16.776
17.555997096,2.796
103.99998524,0.0
21290.52763402133,4320.1312
11.703997712,183.14906666666667
171.59995551600002,0.0
24.266660152,41.76613333333333
1857.5997902460003,1577.0568
50.717321512000005,402.65173333333325
23.399986774666672,73.5728
31.199987976,220.89813333333333
76.26665566666667,78.292
19935.061460547327,9059.696
19837.9971769,5480.556
11.703997536,36.17306666666666
175.56001752,55.924
24.26666032933333,55.047466666666665
916.799877378,206.91786666666667
69.33331466666668,0.0
93.63198521600002,355.11546666666675
21838.260896324664,7354.011466666668
17.555996699999998,416.632
23.99999729,2.796
25.99999602,71.30080000000001
178.53328533533332,33.5544
23.407997736,39.144
21.599991176,58.0192
109.237315264,380.2826666666667
95.99998572,240.4728
36.399985748,123.03093333333332
57.199977604,272.628
6.9333314906666645,42.8152
17608.928694056667,4445.9608
232.2666071706667,645.9216
1913.599200704,5693.0669333333335
21319.9947438,9631.918285714284
128.743979672,878.0056
77.99998875,0.0
55.46665147733334,212.5112
21231.5942838,4608.1416
213.19996966,335.5429333333333
23.407994672,92.2728
34.666661360000006,173.3632
72.79998042799998,0.0
135.199963392,139.808
25.99999309,71.30080000000001
25.99999304,185.94586666666663
369.199945046,1454.024
175.06661865799998,201.3264
327.600028602,134.2176
17.555997360000006,199.92506666666668
154.2666271506667,78.29360000000001
154.26662602333334,234.8808
166.3999552,55.924
25.99999724,97.86533333333333
154.26663670333338,156.58720000000002
40.181807255454544,14.297090909090908
3634.197995805999,0.0
3.901332688,80.38906666666668
5033.598759023999,2063.5952
29.25999538,189.4405333333333
83.19997763199999,89.47653333333334
177.5106843813333,156.58720000000002
77.99998803,106.25386666666668
2281.5996948360003,274.0269333333333
204.81994547,201.3248
46.799988462,0.0
9.599998572,58.7176
25.19998970533333,59.592
6005.998466159999,357.9136
121.33330766666666,167.772
112.66663819666668,609.5695999999999
143.86662771200002,223.69333333333333
142.13329457466662,123.0328
25.99999608000001,16.776
60.47065075333333,352.32
83.1999776,95.0696
147.33329514,55.924
77.99998875,72.69973333333334
6.933331469333331,75.49546666666666
51.99999258,73.3992
21.457330106666667,176.1584
3058.1987506686664,0.0
157.73330269666667,67.1088
154.26662602333334,100.6632
213.199972612,279.62
21.599987792,90.69973333333334
28.79998372266668,56.270666666666656
135.19996724,685.0682666666668
88.399987454,150.9928
2123.9996098133333,0.0
197.59995478,111.848
29.25999717,74.4472
752.2665564306668,1375.7304
254.399971274,831.8688000000001
21638.927474176,3886.72
21352.930056479338,6123.681066666666
4433.864399888001,10726.231466666666
172.79996825599997,693.4576
136.79997486933334,380.2832
58.51998668,22.369066666666665
72.17465581333335,0.0
118.990655158,352.31973333333326
3189.3391607,76.89280000000001
77.99997900000001,503.3152
3067.9995468800007,657.1061333333333
20.799996936000003,60.9912
879.7504682266666,3400.18
5142.797986396001,1962.9328
192.399948866,167.772
511.0745629146666,2617.244
143.866627214,89.4784
27.309330234666664,50.504
10.399995952,23.765066666666662
140.399978562,212.5112
21857.329987480003,4585.770666666667
20.799996984000003,31.63066666666667
185.46663927466668,335.544
651.5224952133333,212.5112
34.66666166666667,209.71386666666663
23.407994672,90.6992
171.599955054,223.696
81.46665801866666,536.8696
25.99999318,130.0224
18595.195057968,5298.8016
155.99995632,22.3696
85.82931849066668,209.7136
20.799994256000005,64.13653333333332
949.9744738146668,570.4248
175.55995452,201.3264
29.466655208666666,48.93066666666666
17.333330873333338,134.21679999999998
3.901332453333333,50.3304
445.4665467333333,12.9304
28.79998823466667,62.9128
37.062662461333325,185.9456
25.99999309,83.884
21278.396832792,3663.023466666667
21467.327520640007,4250.225333333333
9579.722415383998,671.088
155.9999775,145.4024
51.99999232,402.65173333333325
5.199998592000001,79.68960000000001
29.2599923,268.4336
1229.3994977673333,167.772
46.799989290000006,385.8744
3842.799436882001,29326.5712
13.866662954666667,188.7413333333333
11.703998064,57.319733333333325
167.75730432266667,822.0826666666665
3117.597675656,0.0
70.223983632,419.4288
27.733326058666663,36.1744
253.5866285333333,2480.230133333333
983.135800416,838.86
20.799994416000004,57.6696
7.802665434666668,15.201866666666668
155.99995890000002,201.3264
135.199963444,67.1088
154.26663403333333,145.4024
103.99997372,178.9565333333333
71.06665576066666,0.0
27.733326144000007,44.73813333333333
97.06664213866664,285.2112
123.19998608866668,54.5232
45.066654464,33.5544
131.73331413066666,0.0
27.309330692,33.552800000000005
334.53324326666666,10.484
185.46661915866667,67.1088
31.199991648,137.01306666666667
10861.062451737334,626.3488000000001
6390.383039040001,525.6856
19401.197156978003,5536.479733333334
68.799990798,22.368
52.19997409333334,134.216
11.703997712,141.20666666666662
236.03061697600003,553.6464
230.53327259666668,134.2176
97.06665289066666,0.0
18047.46195350133,5659.5128
57.199984688,22.369066666666665
27.73332247466666,62.2136
310.266582656,482.3432
17.333328673333334,148.19733333333338
2460.799722134668,0.0
154.26662442133338,134.2176
17.33332864666667,125.828
117.03997672,0.0
211.4666132306667,223.696
107.28664569333334,369.0968
2069.599691152,3970.6056
129.9999808,67.1088
51.99999234,11.182933333333333
146.29996210000002,587.202
175.55995206,145.4024
176.79995301199995,100.6632
77.99997942,83.88560000000001
100.799924848,111.848
51.99998617999999,198.528
31.21065956266668,49.80453333333333
20.799994744,197.1296
183.36268496533336,167.772
334.5332625666667,2091.558133333333
7.802665493333333,60.816
3371.199498534,1241.5128
29.2599923,89.47653333333334
31.21065956266668,61.34
401.8372547786667,1375.7304
29.25999582,39.14373333333333
103.99998896,134.2176
13.654663792,194.3338666666667
21.59998928000001,91.748
244.399963622,704.6408
44.865324900000005,704.6410666666668
187.199949744,145.4024
21534.927444357338,9255.428533333334
211.4665851706666,246.0656
5496.397877543999,1029.0016
3222.500485306666,1398.1
185.46661744666667,100.6632
1464.6666170933331,2058.0032
103.99995956,212.5112
117.86663738133332,525.6848
90.13330906666664,134.21706666666668
827.0825422933334,1174.404
175.99997646,447.3898666666666
324.133285586,541.064
185.46661673333327,33.5544
3.9013327173333336,62.91253333333332
27.309330692,32.1536
3181.5364960866664,59.4176
255.5373043386667,279.62
10304.663848736667,1532.317866666667
771.3330366666665,1733.644
72.79997188799999,33.5544
21626.794335442,4652.878666666667
21.599987792,88.60133333333332
592.799915184,268.4352
103.9999724,30.057066666666664
28.79998823466667,65.53413333333332
157.7333091273333,301.9896
21.599991176,83.7088
11313.463733868002,3774.8722666666654
31.21066312533333,46.135466666666666
8999.463198410669,1929.3784
39.866660794000005,279.6184
478.3998669679999,201.32586666666663
1433.73977362,2684.352
112.66665054666666,67.1088
124.799966256,100.6616
83.19997948800001,156.58720000000002
3.466665733333333,10.4848
36.399996136,285.2112
107.46663442666666,2236.959733333333
146.29997580000003,394.2632
707.1998153119998,338.33946666666674
115.089314296,251.6568
15.599995836,58.7176
56.569320148,234.8797333333333
60.66665738,265.63840000000005
77.99997900000001,150.99439999999998
36.399985748,212.5104
93.59997534,0.0
25.99999359,219.49946666666668
188.93329009666667,246.0656
292.60002920000005,290.8048
103.99997128,961.8928
5.85199912,55.924
29.259995600000003,128.62426666666664
243.83328200000005,564.8322666666667
29.25999428,201.3264
409.63988646,1174.404
135.19998029200002,78.29360000000001
74.53330460933334,97.8656
122.891979672,246.064
58.51999076,178.9568
21.599987792,36.1744
878.7996559159999,1017.8168
10.39999726,117.4392
129.9999655,134.2176
674.9304606813332,234.8808
10793.464383433333,3556.7669333333333
28.799996202666662,70.25280000000001
23.407995072,176.15866666666662
31.19999178,272.628
129.99996520000002,313.17440000000005
213.199944076,0.0
25.99999613,64.31013333333331
21704.796685844,4306.149866666667
25.99999603,67.10719999999999
78.02665317333334,374.6890666666666
25.19998749333333,57.32053333333332
10997.856764781332,1554.6871999999998
25.99999612,47.53413333333333
77.99998077000002,201.3256
698.5331463413333,1031.796
77.99996972999998,125.8272
17.33333068666667,97.86533333333333
77.99996967000001,83.884
50.266653056,419.4288
190.66661665333336,111.848
76.26665857066665,352.32
4335.065559557333,2236.96
161.199976502,78.29360000000001
103.99998464,184.5477333333333
95.33331958333332,223.69546666666668
60.66665031,223.69466666666665
239.931933498,167.772
187.199952048,178.9568
173.33328806666665,89.4784
21288.794301152,5089.0872
71.06665660799999,0.0
1823.99975604,2634.0210666666667
1371.066137224,6129.2744
23.407994672,72.00053333333334
25.358662662666674,159.38213333333334
164.66662119333338,257.2504
21.599997152,69.73013333333331
26.99998474,39.84373333333333
2652.2096011714293,778.9391428571429
76.26665566666667,5.592266666666666
95.58264079466667,461.3706666666668
58.51998636,285.21146666666675
74.533313066,0.0
23.407994672,53.476
180.799975818,1145.044
863.1997702560001,1756.0141333333331
279.0665973293333,1912.601333333333
83.19998799999998,106.25466666666668
57.199991838,67.63173333333334
107.46663951066664,100.6616
103.99997188,78.29360000000001
211.199976152,861.2285333333333
27.733325973333336,71.6512
77.99997911999998,30.756
29.25999516,184.5477333333333
29.25999538,0.0
77.99997963,0.0
190.66661533333337,279.62
266.9333566386667,0.0
29.2599923,139.80933333333337
74.53331300866667,268.4352
15.599996004,81.08773333333333
339.415946408,406.8464
223.599938682,167.772
365.7331914006666,0.0
77.99998851000002,103.45786666666667
25.199985757333327,88.77733333333332
77.99997900000001,72.70026666666666
143.86664458866667,0.0
161.199976192,123.0328
50.717328428,78.29360000000001
124.842654592,22.3696
19837.99462848,4404.018133333334
429.14659245333337,1398.0989333333332
46.79998144200001,419.42933333333326
39.013327173333344,205.51866666666663
11.70399692,45.6104
315.1999644086667,373.29013333333336
74.12531326933332,268.4336
1162.5971585066668,1219.1432
27.309330234666664,55.74693333333333
923.8665298633334,1029.0016
152.15195845200003,123.0328
25.99999304,187.34346666666667
584.1332010046666,536.8704
3.199999524,95.07013333333332
5700.5960834766665,0.0
47.99999458,89.47653333333334
23.407994672,74.97146666666666
31.21065956266668,93.32053333333334
136.93329599266667,11.1848
168.13330908333333,123.0328
129.9999808,44.7392
20.799994432,174.76
20238.3945512,4963.258666666667
20.799994416000004,47.35973333333333
91.866644018,97.86533333333333
25.99999304,0.0
128.26663262666668,100.6632
79.73331318533333,111.8472
230.178644404,3019.896
155.99997756,100.6632
79.73332183333333,106.25493333333333
145.599960576,378.8821333333333
179.99991066666664,447.392
25.99999601,184.5488
458.99993948,0.0
29.2599923,137.01306666666667
138.66663162666669,111.848
129.999961,201.3264
887.5531931933334,10234.1
204.81996458,1006.6309333333332
176.799974364,212.5112
175.55995380000005,293.6
192.399925186,564.8317333333333
25.358664214,31.45546666666667
84.93331043400002,162.17893333333333
129.99998015,123.0328
24.266660170666665,81.08853333333334
25.99999293,21.6688
25.99999912,123.03173333333336
11.703997975999998,65.53386666666668
5.199998586,12.5816
178.53328595333332,0.0
25.99998982,97.86533333333333
278.94528509466664,570.4248
164.66664146,218.1021333333333
3031.599547592,1677.72
31.199995236,173.36373333333336
3.9013323066666654,89.47653333333334
31.210663648,115.86533333333333
155.99997726,134.2176
62.399983224,128.62426666666664
53.73332762933333,402.652
29.25999538,0.0
3.9013327466666654,64.31093333333332
161.19997532399998,190.1416
161.19995870800005,33.5544
97.53330736666666,44.7392
5.851998856,117.4392
162.933289592,167.772
75.199988814,324.35866666666675
79.97732559800001,324.3576
168.133288196,576.0162666666668
12.133330071333331,83.884
50.26665307533333,106.2536
152.15196963200003,67.1088
25.99999313,55.924
23.407994672,51.728
95.33330766666668,178.95546666666667
77.99998029,111.84746666666666
29.259993840000003,12.5808
155.99995890000002,145.4024
210.6719604,397.0592
31.21066197333333,25.1648
21.599987792,40.717333333333336
116.13331671733332,134.2176
239.199936336,290.8048
275.043954504,394.2624
365.733245698,374.6904
7.802664906666666,30.232266666666668
594.5331716659999,0.0
77.99998875,218.1024
51.99997964,120.23546666666664
25.99999277,436.2072
175.06661980266662,134.2176
565.69317654,402.6528
29.466655288,123.03226666666664
134.595978748,838.8584000000001
346.66661559999994,0.0
71.06664728733331,11676.9408
34.666661493333336,229.28586666666672
207.99996928,548.0551999999999
159.4666242853333,0.0
25.9999945,11.184533333333333
109.199970138,0.0
21.59998928000001,61.33946666666668
138.66664544000002,67.1088
29.2599923,170.56613333333334
57.199991244,335.5432
32.933320438666655,209.7136
216.523941392,905.9677333333332
44.99997766666666,402.6512
19.50666256000001,134.21679999999998
12651.198571468669,5570.0344000000005
120.94131423733332,123.0328
87.77998482000002,754.9733333333335
57.19998460000001,167.772
81.46664608066666,50.3304
955.8264798133332,10569.644
240.93330238266665,335.544
140.39996301000002,100.6632
83.19998931200001,234.88
691.599754748,671.088
155.99993934000003,67.1088
20.799991968,38.6208
313.733249832,246.0656
161.199957158,100.6632
109.19997064199998,1006.6312
1403.99974208,626.3488000000001
24.26666022666667,65.01093333333333
155.99995692000005,201.3264
51.99999232,178.9568
19.799991911333333,68.1568
77.99997945,134.21626666666663
51.99999204,232.0832
31.199987784,159.3824
25.99999724,106.25413333333331
214.933276128,229.28693333333328
539.1999391153333,279.61866666666674
41.599988944,223.6944
37.06265691333333,335.5432
7334.505122560001,447.392
2992.321856714667,4143.969333333334
55.466643498666656,173.3632
15019.329312773332,2415.9168
19397.73046843733,3788.852
107.466625168,153.7896
15.599995836,159.3824
149.0666260173333,268.4352
263.33995446,615.164
2321.29300172,4440.368266666666
90.1333092053333,117.4392
146.2999708,190.1416
52.66799208000001,138.41039999999998
51.99999202,609.5695999999999
35.111994984,51.72693333333333
25.19998970533333,78.292
235.73327122666663,0.0
181.411974084,324.35813333333334
224.32660449,67.1088
187.199949672,134.2176
310.399958484,246.06426666666664
52.667990892000006,301.9885333333333
91.86664154466663,67.1088
71.06665655333332,83.88560000000001
20621.461083008,3956.624266666666
23.99999729,0.0
1320.6010652413331,2315.2546666666663
21727.327600660006,8164.910400000001
3167.9995287600004,1118.48
152.151960584,0.0
25.99999336,164.9744
81.466647146,0.0
164.66662151,145.4024
88.39997558799999,111.848
129.99998015,0.0
103.99997372,37.3984
13388.263041536002,3788.8522666666654
95.99998716,58.7176
22.533330014,65.5352
169.86662093333337,44.7392
239.931940714,134.2176
173.33330686666667,78.29360000000001
11.703998152000002,19.745333333333328
5.851998856,137.01226666666665
27.733325952,225.0925333333333
185.46661915866667,123.0328
202.799969814,1157.6256
21.599991176,57.6696
1432.799736789333,0.0
3352.2669593453334,900.3749333333333
599.7332475253334,89.4784
155.99997756,0.0
25.99999343,75.4952
166.39995532800003,33.5544
83.87865216133333,296.396
120.94130200266665,0.0
20.799996936000003,55.2232
109.199970306,89.47786666666669
136.93331337266665,223.696
38.13332783333333,192.9376
74.53332223933333,78.29173333333334
77.99997927,131.41973333333337
73.59999168933335,50.329066666666655
23.407996304000005,183.14986666666667
253.06659999333337,156.58720000000002
21482.92762383067,4943.6856
291.1999671186667,271.2296
234.07996656,315.97013333333337
93.599986176,0.0
4132.266228010667,10424.2416
3041.99880894,637.5336
32.933320527333336,318.7653333333333
173.6093072266667,570.4232
719.7958809360001,816.4896
25.99999309,0.0
62.399985048000005,78.29306666666668
7.802665493333333,11.8824
21862.528708566664,5955.909866666666
7654.397930367999,369.0984
25.99999309,60.11573333333333
197.0173109786666,391.468
164.66664336000005,190.1416
195.8666415053333,67.1088
109.199970306,134.21706666666668
31.199991708,159.3824
6.269999057142857,83.886
10.399995928,39.144533333333335
164.66662233333338,0.0
20.799996808,100.6616
488.799864076,274.02613333333335
4943.464765333332,693.4576
38.399994864,89.47653333333334
28.79998823466667,60.116
117.03998152,111.848
76.07598856,0.0
23.407995424,117.44026666666664
24.266660301333328,76.89413333333331
23.407997736,70.95146666666666
21.45732849333333,155.188
5182.1962573,0.0
83.199978016,134.2176
20.799991968,103.45786666666667
157.73329062399998,1118.4797333333331
152.15196963200003,78.29360000000001
29.466659402,109.04986666666667
162.93330983333334,11.1848
121.33330267333336,201.3264
202.869304352,643.1245333333334
19.506663586666672,142.60453333333334
77.99997888,139.80853333333332
195.0666861333333,167.772
181.99995282,1325.3976
27.733327466666665,74.09706666666668
26.999986600000003,109.0504
17.555996039999997,234.8784
154.2666262606667,100.6632
81.46664802333333,55.92373333333333
10777.86509144,4898.945066666666
7.802665493333333,45.61066666666666
98.42854451214284,0.0
809.466467102,1420.4688
117.03998064,268.43440000000004
168.1332881313333,167.772
58.51999076,22.3696
25.99999302,58.7176
155.99995908,111.848
155.99997738000005,67.1088
91.86664161533336,257.2504
50.717321512000005,318.7658666666666
3925.797781196,0.0
29.25999494,0.0
159.46663569333333,145.4024
1263.599653968,536.8704
171.65861773866663,201.3264
27.309327117333325,56.79573333333333
11.703998064,31.4552
84.799988658,62.912
4106.152195230001,850.0448
97.0666400853333,290.8048
57.199984534,16.776799999999998
10.399997236,25.1648
71.99999036999998,41.94
28.79998570666667,88.42826666666666
175.55995206,190.1416
21501.99422754,7426.713066666666
5515.465306892,2438.2872
91.86664345266666,150.9936
70.22398099200001,276.8216
270.3999428,1090.5168
11.70399824,33.028800000000004
25.19998970533333,70.95146666666666
118.99064608933332,1107.2936000000002
25.99999617,201.3256
3.9013327173333336,83.884
142.39862977733333,335.544
19425.461406848,3844.777066666667
10.399997203999998,11.1848
21.599987792,42.46586666666667
81.46664608066666,50.3304
226.2772993066667,377.4856
3608.7323331,559.24
4207.999437179999,763.3621333333333
103.99997156,139.80933333333337
32.93332843133333,111.84666666666668
143.86662937200003,0.0
166.39997459200004,223.696
20212.397139168,4227.8568
967.5305138986664,1476.3936
21.45732844933333,97.16613333333332
74.53330440866667,489.33333333333326
29.25999516,201.3264
146.29998585,425.0224
15.605329813333332,150.9936
103.99998464,33.5544
701.9998955100001,861.2285333333333
155.99997726,33.5544
33.161328097333325,153.79066666666662
1636.2666112853333,2382.3624
77.99997957,0.0
20.79999448,68.50426666666667
74.12531382666666,23.417066666666667
152.53329226666662,357.9136
343.19991103200005,413.8368
3353.3986300740003,0.0
6.933331557333332,75.4952
25.99999306,197.1296
79.73331266400001,95.07066666666668
58.51999076,0.0
66.32265619466665,220.89813333333333
103.99998452,100.66186666666668
52.667994024,176.1592
458.99993948,0.0
11.703998152000002,30.05813333333333
43.33332166666666,95.06933333333332
23.407997344,55.74826666666667
85.82931913600001,335.5432
136.9333124246667,22.3696
31.199991648,153.78986666666668
272.13326111333333,503.316
3222.779369982857,1857.4757142857145
138.66662954666668,44.7392
25.99999,268.43440000000004
6390.3829909920005,704.6424000000001
146.29995945000005,178.9568
42.914659890666655,61.514933333333325
292.60002920000005,33.5544
26.99999644,58.892
129.99996505,67.1088
3348.8002923760005,1157.625333333333
211.4666097333333,313.17440000000005
21155.331087613333,3858.758133333333
20678.663636446665,4194.3026666666665
58.51999076,167.7704
140.39996301000002,167.772
707.199825648,945.1144
25.19998970533333,66.58319999999999
84.799987386,262.84186666666665
212.62261071333333,178.95520000000002
21025.33022805333,4124.397066666666
24.266660217333325,150.99439999999998
213.19994383,402.6528
11.7039978,197.1312
113.13864965333336,134.216
93.599974548,59.417066666666656
25.358664214,36.872800000000005
8999.464738704002,335.544
51.99999232,0.0
155.99995823999996,301.9896
65.86665686266666,0.0
3426.799094534,5950.317599999999
9659.864623233334,3019.8978666666667
1365.4662784000002,1342.176
17763.195279088002,3732.9288
136.93329551866668,134.2176
157.73331046200002,134.2176
19.066659304,111.84666666666668
31.199991612,134.21679999999998
308.5332553693333,693.4568
31.199991516,37.7472
77.99998839,117.43866666666668
51.9999862,67.1088
11.703998152000002,26.2128
20955.99703392,7695.146933333333
210.67194160800005,33.5544
77.99997900000001,257.2488
10.399998412000002,0.0
124.799980848,520.0912
116.13330367466664,218.1021333333333
31.199991720000003,216.7032
635.9172233626667,1823.1224
25.99998982,155.188
51.999979380000006,178.956
55.46665173333333,419.4296
22.533330135333337,100.66133333333332
116.13330193266664,139.80933333333337
20.79999448,30.75573333333333
74.533304552,304.78426666666667
83.19998726399999,134.216
5.1999979960000005,11.1848
8.666665403333333,123.0312
36.399985748,218.1008
211.4666182733333,212.5112
10.399997772,21.668266666666668
180.26663997333333,167.772
138.6666461866667,156.58720000000002
72.17465418533335,314.5714666666667
31.199992008,134.21679999999998
188.933305938,83.88560000000001
10614.930475466666,1129.6648
27.309327117333325,86.5056
5.199998718000001,16.776
3455.99809408,0.0
24.266660684,38.272
77.99998851000002,36.34746666666667
103.99998664,318.7666666666668
24.266660152,33.20213333333333
58.51999120000001,251.6568
21625.06074472533,4876.5768
255.5372701913333,0.0
42.9146586,878.0058666666667
103.99997236,1135.256
22.533329884,125.828
11.70399824,40.018666666666654
1667.4662408213328,3187.668
10748.397139271998,4171.932266666666
222.375939276,223.696
52.66799168399999,75.49706666666668
230.17863032266663,1711.2736
181.99997312,315.9688
166.39997452799997,134.2176
161.9052913906667,257.2504
187.199948664,268.4352
177.51063997333335,374.6901333333333
77.99998805999998,12.5808
169.86662152133331,643.1256
15.605331104,167.7704
74.12532051466667,408.2448
842.3997731999998,894.784
273.599969106,454.38133333333326
31.21065956266668,89.47706666666669
103.3853154546667,369.0976
124.84264319999998,173.36373333333336
289.4665907373333,0.0
145.599962256,0.0
124.799950512,111.848
143.86664624866668,201.3264
674.9305550239999,318.7648
318.93328635200004,535.472
25.99999301,167.77120000000002
136.93331337266665,0.0
701.99975106,894.784
8404.932082291332,17951.619466666663
1500.7997992679998,1577.0565333333334
3756.5979283046654,0.0
87.77998002,83.884
1200.5997794453333,536.8704
25.99998914,33.5544
31.199991384,17.824
10275.195708127998,2829.754933333333
5.19999863,109.0504
29.259993400000003,150.9936
11.703997975999998,34.949333333333335
29.25999538,198.5285333333333
2662.399627264,1370.1373333333331
97.06664068266666,184.548
3061.066214570667,469.7616
37.79998124,181.75253333333333
10847.197112976,626.3488000000001
22.53332734466667,74.09706666666668
162.93328971733334,167.772
88.39997596199998,290.8048
58.93331780666666,83.884
6.933331866666666,139.80773333333337
990.3998675340002,240.4728
152.5332931466667,257.2504
987.199867962,486.5370666666665
25.99999613,148.19786666666667
302.35327433,536.8704
20.799994544,41.9408
51.99999234,8.388
1431.7329550253332,2035.6336
729.7330745586665,1073.7408
989.7331867766668,715.8272
17.333328693333335,167.7704
32.93332865933333,271.2288
25.99999612,8.388
38.13332783333333,192.936
51.99998617999999,329.9501333333334
159.46660465866668,167.772
185.46661744666667,134.2176
78.39999114733334,1015.0192
2348.665962066667,2684.353066666667
451.7998154313332,0.0
31.21065956266668,70.25280000000001
140.39996171400006,111.848
1706.832773333333,782.936
157.73331058333332,134.2176
155.99995782,67.1088
1497.599424,3456.103733333333
169.70797448000005,188.74213333333333
232.12931088200008,2594.8736
56.56932482666667,162.17893333333333
36.399985566,212.51013333333333
71.06664756066665,0.0
194.13330615466663,301.9896
77.99997816,0.0
23.407994672,48.232533333333336
190.66663997333336,178.9568
27.309330692,80.388
239.19996458000003,234.8808
10.39999762,27.96133333333333
77.99998809,181.7512
136.93329225333335,111.848
7.802665376,218.1016
3296.799516892,2304.0688
321.85994434,335.54186666666664
233.99996661,0.0
51.9999863,0.0
64.37198741600001,197.1304
3210.132083850666,2315.2536
129.99996794999998,25.1632
625.7332411579998,327.1536
112.66665054666666,0.0
951.9998925033334,437.6472
31.199991708,209.7128
149.0666446506667,134.2176
124.799983968,229.28693333333328
51.99999262,89.4784
661.27582598,391.468
29.259993400000003,170.568
140.399961606,67.1088
11.70399692,55.922133333333335
39.866655580666674,494.9264
25.999993,22.369066666666665
232.2666071706667,612.3664
1793.599760106,2868.902133333333
4839.465371178666,1946.1544
282.5997959,100.6632
109.1999706,50.3312
150.799960908,0.0
10890.57036232,8321.497333333333
155.99995823999996,100.6632
2324.3993974440004,715.8266666666665
102.266638976,97.8656
25.99999308,79.68960000000001
10.399998516,61.516
27.309327117333325,93.67066666666668
265.290614896,178.9568
392.08392335200006,883.5992
29.25999494,83.88586666666669
176.79995301199995,100.6632
25.99999293,11.183733333333336
889.503819424,1398.1
23.407997736,78.64106666666667
261.3892940266667,2474.637333333333
18026.6622224,3970.606133333332
72.79998924799999,0.0
1230.399835434,422.2245333333333
145.599977656,0.0
3934.7983925613335,1006.632
3041.99954721,1308.6216000000002
135.19995944,11.1848
1979.4658969586665,380.2832
46.799987544,152.39146666666667
25.99999318,125.828
29.259993840000003,8.3872
21222.92754600267,6599.036
1198.399839714,444.5944
21273.194550788,2460.6565333333333
51.9999863,33.5536
10781.329547426663,1252.6976000000002
20.799994544,116.04106666666668
11.70399692,59.068
116.13330398733332,458.5757333333333
4905.33143912,324.3592
28.799996202666662,34.076800000000006
25.19998749333333,77.768
25.99999602,246.0645333333333
157.733289168,67.1088
77.99997945,100.6616
155.99995746000005,0.0
2483.866006531333,905.9688
1252.799769856,0.0
541.799596058,0.0
102.599923506,0.0
300.40258340400004,536.8704
3.466665933333333,106.25413333333331
364.7746035853334,911.5592
154.26664524733334,0.0
7966.399100460668,10670.3072
51.99999448,307.58106666666663
157.73327199933334,44.7392
12.133330052666665,134.21626666666663
168.1332881313333,33.5544
123.06663339133333,279.6189333333333
11.703997975999998,32.328266666666664
20987.194357672,4264.207733333334
135.19996266400003,33.5544
499.199926272,903.1712
663.99991119,413.83706666666666
179.461284328,111.848
103.99997236,939.5232
103.9999724,26.9112
103.99997372,46.13493333333333
301.5999187999999,503.316
76.26665686933332,125.8272
25.99999297,50.3304
661.275895588,234.8808
843.1999047886667,822.0824
32.93332447933333,167.77120000000002
256.5332633786667,771.7511999999999
42.9146586,704.6408
77.99998998000002,50.3304
72.17465581333335,0.0
21.599983896000005,54.17466666666666
273.0932606266667,464.1688
150.79996137199996,33.5544
306.799919524,0.0
1.7333328726666664,0.0
135.19996266400003,0.0
47.99999458,16.776799999999998
87.77998548,433.4093333333333
1.7333328726666664,33.552
218.399944812,805.304
71.06664720533333,324.3592
570.5996079766667,89.4784
278.9452788026667,402.6528
12.133331476,121.6336
129.99998155,296.3962666666667
1.7333329666666666,125.828
29.466658778666662,123.03173333333336
27.309327117333325,82.31173333333334
27.309327117333325,73.3992
100.53330676933332,0.0
692.4865469133333,1202.3648
3026.399158428,1912.6008
179.461298312,0.0
251.33326711666663,55.924
81.466644984,41.9424
150.2013033546667,67.1088
171.599975118,167.772
597.99991444,268.4352
29.25999494,41.9416
11.703997624,27.7848
87.77998482000002,178.956
55.46665186133334,385.8744
23.407997344,62.912
107.28663146666668,385.87413333333336
77.9999835,83.8848
72.79998042799998,0.0
27.733326058666663,44.56266666666666
91.86664225133332,0.0
29.466662314666664,78.2928
10139.9973012,559.24
25.99999308,139.80933333333337
25.99999724,103.45786666666667
3015.99920308,738.1968
3159.99952995,1129.6648
77.99998875,33.5536
487.79980072466657,0.0
111.18798328,106.25413333333331
77.99997963,134.2176
25.99999612,156.58613333333332
138.66664645333333,145.4024
19928.128129024662,3758.0936
192.399970548,251.6578666666668
4497.99812122,2583.6888
263.33993493,178.9568
188.93329009666667,111.848
23.407994672,69.72853333333335
15.605330869333336,131.42053333333334
58.51998636,365.5025714285714
329.5999627826667,369.096
33.161328097333325,20.0952
25.99999296,0.0
25.99999626,227.1896
171.59995393199998,1056.9624
29.25999318,5.592
264.33323146333333,0.0
50.26666133066666,18.873333333333328
3615.7329495093327,10569.644266666668
136.93331316200002,388.6704
190.66659304,156.58720000000002
27.309330692,33.028
23.99999679,72.69893333333331
25.199996677333328,69.37946666666666
21408.391749532,4613.732
25.99999359,123.03173333333336
10.399998492000002,30.756
102.26663929066666,452.9832
143.86664547400002,260.0448
29.25999428,100.6616
147.33331270666662,134.2176
77.99997963,0.0
136.9332974146667,156.58720000000002
129.999961,268.4352
335.99995506,72.69946666666667
57.19997731800001,100.6616
64.13331712733334,134.21679999999998
10.39999726,67.10719999999999
60.66664132666667,198.5285333333333
844.1329976280002,1890.2312
10.399997236,83.8848
175.55996004,89.4784
77.99997900000001,0.0
11.70399824,51.02933333333334
21349.463644896,3623.875733333333
8995.99762298,659.9032
10783.065057501335,3355.441333333333
171.59995393199998,145.4024
161.199976502,212.5112
128.26663233066668,27.9616
3047.1992698440004,905.9688
180.2666406666667,145.4024
177.5106262626667,100.6632
29.466658778666662,125.82746666666664
3398.060745698667,413.8362666666667
340.799961518,276.8208
38.13332272933333,545.2578666666667
95.33330752,905.967466666667
521.7332534679999,452.98346666666674
5.199998601999999,92.2728
190.66663946,22.3696
21503.727560408,6509.558666666668
35.111996604,192.93653333333333
21623.327411866667,3758.093066666667
11.703998152000002,73.748
79.733311928,0.0
155.99995854,55.924
25.99998982,54.5232
152.15197368800003,413.8357333333333
34.66666181333334,55.921866666666666
19.066661848666666,195.73146666666668
97.06665233066666,0.0
64.13331579533333,44.7392
19.066664642666662,96.4672
21.599991176,87.20426666666667
154.1026315906667,134.2176
25.99999308,262.8426666666668
100.53332266133332,201.3264
298.451941758,939.5232
164.66664139666668,268.4352
20671.730399537337,5830.080266666668
77.99997963,41.9416
69.33332309333335,100.66213333333332
20434.26354651133,4236.245599999999
329.3332043866667,480.9456
29.25999538,0.0
27.733326496,65.01013333333331
410.79994090800005,514.5008
20.799994416000004,38.2704
380.37989457,704.6424000000001
79.73330232933334,83.88453333333334
51.99998625999999,288.00746666666674
21195.1942936,4753.543733333333
105.73330470399998,452.9829333333335
27.733329077333327,150.9936
157.733309188,156.58720000000002
175.06661960066668,100.6632
102.26664145399998,357.9125333333333
6005.999136059999,458.5768
152.15197368800003,1045.7776
10.3999972,78.292
25.99998982,60.11573333333333
188.933281522,190.1416
185.4666198006667,100.6632
9.599998572,184.548
596.2665315893332,357.9136
25.999993,75.4952
21368.527588485333,4339.7048
29.25999538,0.0
69.33331448000001,0.0
51.99998616,106.25413333333331
175.55998007999997,402.6528
3313.7986462513336,0.0
135.19998029200002,89.4784
12.133331564666664,95.06906666666669
136.93329699333333,178.9568
17.33332872,150.99439999999998
27.733322304,402.6528
237.4666043773333,324.3592
707.1998076959999,419.428
51.99998602,167.772
119.599982796,139.80933333333337
71.06664728733331,89.4784
181.99997221,704.6413333333335
22.53332731866667,120.23546666666664
138.4973471546667,89.4784
480.599803666,268.4352
48.53332043466665,223.69546666666668
155.19998247533331,304.784
181.41197272,581.6090666666668
25.35866285333333,134.21679999999998
325.86658081333337,749.3815999999999
21007.9944652,4719.9888
109.199972406,106.2544
630.399915684,486.5376
3346.198633015333,0.0
772.463809128,760.5664
69.33331490666667,0.0
117.0399824,0.0
154.26662667600002,246.0656
5.851998416,53.12693333333333
9004.664761833334,771.7511999999999
670.7998973159999,1470.8
25.99999612,16.776
10216.263939709332,3780.4648
62.399990712,134.21679999999998
24.26666022666667,63.786666666666655
34.66665933333333,83.884
146.29998585,0.0
77.99997957,139.80933333333337
1051.4091277946668,1118.4792
25.99999309,37.7456
275.399963688,0.0
117.03998064,156.58720000000002
161.199942836,22.3696
157.73327497199998,223.696
77.99998002000002,268.43440000000004
29.25999717,28.8336
173.3332918,33.5544
134.9999822,357.9136
1849.231507672,2684.352
7.802665141333332,81.7864
10214.530614696,7762.2568
213.19994383,67.1088
5388.931890757332,1532.3176
102.26663952666668,35.650400000000005
150.79997685799998,0.0
135.19997935600003,134.2176
1471.599666626,4966.053066666666
24.266660068,65.00959999999999
128.2666319853333,83.884
626.163891716,1442.8392
74.53330415066668,408.24346666666673
175.0666398006667,234.8808
77.99998803,184.54746666666668
29.25999494,44.73706666666666
3471.866153898667,335.544
4367.99934144,1375.7304
38.133327496,156.58693333333332
39.866656838,123.03173333333336
157.7333112506667,279.62
22.533330118,65.70960000000001
1562.4837650400002,0.0
944.1225175946668,1532.3176
29.466658688000003,25.1624
65.866648908,251.65653333333327
77.99998851000002,62.912
2842.198589426667,0.0
21304.394272394,8472.492533333334
1648.39976542,1644.1656
31.199995476,0.0
21240.263529642667,4977.2392
21132.794277887995,3453.309333333333
5.19999881,39.144
25.99999603,100.6624
11.70399824,30.93013333333333
1.950666286,131.42053333333334
234.07996480000003,2016.0597333333333
11.703997975999998,38.2712
102.26663901533333,933.9304
25.99998982,36.3488
25.99999309,54.5232
29.25999538,81.08773333333333
17941.728426959333,4563.4
6.9333314906666645,26.7368
27.73332596266665,75.4952
1570.3996194799995,3663.024
4151.33220928,12801.013066666665
880.5330962666667,3506.435733333333
135.19997930399998,0.0
142.133295504,489.33333333333326
10562.931773269333,2852.1242666666662
304.303918984,827.6733333333335
11.703998064,35.47546666666667
166.39997631999995,268.4352
337.46527751199994,699.0477333333333
135.19997139999998,385.8746666666668
25.99998998,5.592
21675.33002367667,4320.131466666667
292.93335890866666,0.0
27.309330234666664,67.63226666666667
58.51999120000001,0.0
107.28664166,281.0168
3189.3391607,53.82613333333333
148.25064437333333,89.47786666666669
21.59998928000001,60.2912
103.99997336,486.5376
72.79998081999999,0.0
95.33331925333334,201.3253333333333
77.99998851000002,111.84666666666668
91.68131885733334,341.1352
10.39999726,11.184533333333333
98.799973438,310.3768
120.94130927733332,190.1416
3099.5976890760003,0.0
188.93328355666668,89.4784
267.2412672993333,0.0
305.066601312,1761.6064
109.19997102,0.0
225.33330438666667,436.2072
97.066641504,100.6616
29.2599923,125.82773333333336
1761.0661925333334,3075.82
25.99998996,41.94
28.79998372266668,47.357866666666666
261.3893036746667,111.848
29.259995600000003,47.53413333333333
220.1332748286666,704.6415999999999
9328.798632972,2852.1258666666668
74.53331381133334,0.0
176.799951788,111.848
140.39998148799998,343.9314666666667
163.19997572399998,377.4864
72.799988828,97.8656
778.3158654040001,816.4904
204.81997676,346.7288
55.466651904,346.7277333333333
543.3999182857142,1450.0294285714283
114.399969596,950.7066666666664
47.99999458,55.92346666666667
1.7333330686666668,2.796
5206.328511281333,425.0224
25.99999277,0.0
25.99999326,156.58693333333332
23.407994672,59.59253333333332
307.199965312,476.7506666666668
71.06664753333331,246.0656
71.06665578799998,506.1112
29.25999516,120.23546666666664
193.115947266,201.3264
166.39996768,44.7392
852.799666096,1778.3832
16688.528891616003,5983.872
62.399983224,100.6616
20.799994344,63.2624
17.555996699999998,61.51573333333332
1.7333328726666664,61.514666666666656
3.901332424000001,109.0504
285.99995787,0.0
155.99999472000005,33.5544
23.407997736,31.6296
114.399955824,0.0
116.133288488,0.0
7.802664906666666,111.8472
207.99997328,257.2504
152.15196963200003,201.3264
9212.664239483334,861.2296
25.99999613,67.108
77.99997927,195.73306666666667
1331.3297897900004,2510.5897142857143
103.9999798,464.1685333333333
332.7998696960001,515.8970666666665
50.26665603333333,117.4392
62.42131643733333,254.4528
154.26662459933334,0.0
28.79998372266668,81.7864
29.466658778666662,471.1581333333334
322.399952508,771.7504
2068.199620064,0.0
25.99999309,75.4952
146.2999708,55.924
24.266663092,62.3888
77.99998869000002,67.10719999999999
81.46664416933335,27.961866666666666
662.399925204,349.07493333333326
370.933233752,0.0
51.99998576,0.0
6371.731617866668,603.9792
29.25999318,0.0
29.2599923,165.6728
135.19996583600002,178.9568
42.914660213333335,26.91146666666667
34.66665718666667,103.45786666666667
7.802665141333332,145.40106666666668
180.26662111466663,100.6632
24.266660217333325,176.16
3749.199440504,1431.6544
2519.9987493333333,117.43893333333332
21666.66335833333,4110.4168
11706.930181466669,1747.625333333333
129.999961,33.5544
192.399925186,732.6029333333332
44.865322876,335.54240000000004
20689.063730410664,3774.872533333333
45.06665451600001,181.75226666666663
65.86664913599999,285.2112
164.6666429166667,290.8048
1146.9918275200002,1543.5008
29.25999516,159.3824
77.99997900000001,39.146666666666654
11.703998064,29.88213333333333
131.73329381333332,67.1088
11.703997975999998,18.698400000000003
409.63988646,727.012
176.79995369199997,178.9568
29.25999494,41.94
51.9999862,0.0
105.73329250399998,0.0
1166.399868294,1400.894933333333
51.999979380000006,44.73813333333333
6.9333323626666665,150.9936
23.407994672,109.5744
929.0666352213332,1666.5352
48.533320248,159.3816
25.99999603,95.0696
25.99998982,0.0
202.799948754,201.3264
20.799996936000003,59.2416
25.99999616,142.6056
122.891988114,33.5544
156.0533063466667,967.4834666666668
72.799990648,419.42933333333326
409.0665074453333,1386.9152
5.85199912,0.0
1242.799521044,1308.6216000000002
25.99999612,25.164
21292.26093413333,3489.6586666666662
440.26661993066665,1073.74
244.399938242,145.40106666666668
24.266660152,40.8928
70.22398944000001,0.0
2173.599683156,6682.9224
5.199998601999999,92.2728
81.46665620133334,128.62373333333338
5.199999206000001,11.184
109.199984292,195.73226666666665
25.199996677333328,28.3088
97.53331719999998,1006.6304
169.8666221746667,100.6632
351.11989992,939.5232
9021.99769592,1241.5128
119.99998215,64.31066666666666
65.86663915466666,192.936
72.79998924799999,95.0704
110.93330577066664,855.6365333333333
592.79985636,1420.4696
76.799989728,0.0
158.003964036,167.772
83.199977248,55.9232
23.40799648,155.18720000000002
24.26666027333333,26.38693333333333
232.26660458,2656.389866666667
926.5664785666668,548.0551999999999
25.99998989,11.1848
25.99999603,226.49066666666664
337.59996187933336,234.87866666666665
103.999972,134.2176
22.533327275333328,187.3448
107.46665079466663,0.0
25.99999724,86.68026666666667
4289.599426266,788.5272
21300.93030204667,3869.9408
20.799991856,59.94213333333332
1100.175784928,1034.594133333333
60.66665133666668,61.51626666666668
637.866493216,0.0
2847.8662712513337,2963.973333333333
77.99997945,195.7325333333333
140.399979318,222.2957333333333
6772.1316637420005,3937.050666666666
24.26666354933333,150.99439999999998
20.799994368000004,17.474666666666668
27.309330234666664,50.3304
19.50666256000001,134.21679999999998
29.25999318,55.92266666666666
239.199964396,665.4954666666666
4042.132245066666,3019.896
1059.0664100466668,2169.8512
232.2666058306666,301.9896
162.933308392,67.1088
21423.99172704,4991.219733333333
138.4972964606667,67.1088
164.6666438033334,0.0
882.2663538013334,905.9672
21.599991176,68.156
31.210663648,32.1544
29.259995600000003,117.43866666666668
21501.99422754,4451.5528
31.210663648,111.1472
11.703997536,32.1544
11.703997712,37.74693333333333
27.309327117333325,81.08746666666666
115.08931602666668,134.216
1728.1330874066666,4127.1936000000005
10.399995864,33.553333333333335
164.66662290333338,123.0328
28.79998570666667,90.00106666666667
25.99999304,148.1976
58.933317376000005,192.9368
84.93331046666668,195.7325333333333
103.99997236,995.4464
20813.861535248,4040.510933333333
12.133331634666664,92.2728
25.99999302,88.07839999999999
20786.12790495467,4205.486933333334
98.799960822,0.0
133.46663073333335,0.0
708.9332250846668,883.5986666666665
22.53332734466667,166.372
69.33330618666668,626.3488000000001
8122.574289984002,1073.7408
25.99998982,41.94026666666667
58.93332707733333,178.9568
450.603875106,648.7184
169.70798074399997,201.3264
602.7558595080001,883.5989333333332
29.46665874466667,106.2544
136.54664002,268.4352
243.8332673333333,1073.7392
146.29996005,44.7392
3090.5325190966664,648.7184
136.54663031333334,486.5376
23.407994672,93.49573333333332
11.70399736,78.46666666666668
130.69463227333333,1308.6208
58.51999076,251.6576
20557.327861920006,4068.473333333334
109.199972868,754.9736
84.93332078933334,201.3256
11.70399824,74.4464
5.199999258,102.05973333333334
337.99992759,2572.5045333333333
20.799996936000003,54.34906666666666
114.39998328,22.3696
29.25999516,25.164
24.266660170666665,150.9936
51.99998576,100.6632
3.9013326586666666,32.15333333333333
708.9330819346666,715.8272
2075.3996187413336,447.392
5210.399222448,973.0776
5212.7978704746665,1386.9152
77.99997867,156.58720000000002
2784.5986180133336,0.0
9.753331866666668,0.0
161.19993731800002,100.6632
204.5332797613333,33.5544
77.99997888,34.25093333333333
20.799994416000004,30.580533333333328
77.99997660000002,0.0
163.855962704,145.4024
881.7011344533333,3467.2885333333334
32.933324517333325,260.0448
11.703998064,90.35093333333332
135.19996583600002,0.0
441.99993489,192.936
21217.727629027333,4264.207733333334
27.733322304,1409.2848
29.2599923,369.0984
158.003968464,178.9568
77.99997927,0.0
29.259995600000003,8.388
77.99998998000002,190.1405333333333
1545.5998254760004,1950.349333333333
155.99995782,67.1088
110.93330346666666,139.80933333333337
77.99997900000001,251.6568
154.26663670333338,100.6632
3925.998943,1845.492
146.2999708,212.5112
181.41196459800005,167.772
155.99995805999995,167.772
122.891972028,0.0
58.51998636,408.2448
169.86664216666668,190.1416
181.411950462,0.0
25.358662472,41.94
15.599995848,51.72693333333333
233.99994231,447.392
239.931934482,167.772
1479.99980205,1498.762666666667
95.33331925333334,0.0
95.33330770333332,288.00746666666674
152.53331197866666,0.0
51.99998612,402.652
1531.2731030666666,0.0
201.0666359653333,883.5992
169.86662099866666,33.5544
3083.599179288,629.144
11.70399824,24.2896
33.161328097333325,237.67573333333328
39.86665116466667,67.1088
31.199991648,159.3816
21819.191591216,4236.245333333333
342.39996133733337,331.348
103.38530580866669,111.848
190.6666159933333,134.2176
71.06664734199998,55.92373333333333
2627.7329654506666,1330.989866666667
24.266660208,199.9264
140.39996171400006,156.58720000000002
3913.0362741653344,4815.058933333334
1253.1996625999998,3489.6576
3340.7983419733337,0.0
4832.5320601466665,7270.1248
29.25999516,61.514666666666656
181.411950462,234.8808
60.470660818,301.9888
21181.32763881333,4935.296
3860.799483618,1806.3445333333327
3189.3391607,59.41786666666668
190.66663924,44.7392
150.79997071,78.29360000000001
129.99996505,0.0
198.96797008,380.2816
29.25999538,0.0
427.199942862,690.66
31.199995236,274.0264
23.407997736,34.252
20.799994256000005,76.02
1355.199818742,419.4288
150.79996137199996,33.5544
77.99998839,223.6949333333333
17.333328693333335,176.16
57.199984688,120.23546666666664
308.20524790800005,950.708
11.703996832,31.28
1745.4664068606664,1839.8994666666665
66.32265669333334,0.0
17.555997228,169.16879999999998
953.875806356,559.24
239.931952276,357.9136
31.199991708,408.244
185.46661737533333,89.4784
33.161329570666666,41.94
51.9999881,324.3584
383.06656485933337,1112.886666666667
25.99999304,117.4392
212.622607734,145.4024
103.99997256,134.2176
10803.865071018668,391.468
117.03997336,0.0
23.407994672,88.60213333333331
87.77998284000002,146.7992
9.599998572,27.961066666666667
1308.666163333333,2326.4392000000003
10.399997236,100.6616
169.86662158666667,0.0
97.06664187733332,195.7333333333333
21215.99432064,4557.8088
25.199985757333327,40.01973333333333
123.06663556866664,570.4248
46.799987562,197.13013333333333
140.447972544,381.67893333333336
77.99998485,83.88560000000001
13.654664510666668,198.5290666666667
21.599987792,80.91333333333331
11.703997975999998,27.4352
11.70399824,44.388
93.599974476,67.1088
592.7998657080001,402.6528
183.36263771466668,917.1530666666667
103.99998464,0.0
62.42131690666666,22.3672
157.73329068466666,201.3264
25.99999626,715.8261333333332
109.199984418,156.58720000000002
128.74398064000002,106.25466666666668
150.79996027,492.1312
25.99999309,78.29146666666666
25.99999602,314.57120000000003
83.19998819199999,206.9173333333333
8599.064328381999,6710.8848
178.53330600399997,0.0
5.199999262,55.921866666666666
395.9852559226667,838.86
213.19995121,123.0328
31.210663648,115.8664
233.99996661,44.7392
169.86664203600006,89.4784
25.99999309,92.2728
142.13327697199998,0.0
10.399997232,107.65226666666666
72.79998014799999,0.0
152.151974832,671.088
77.99998875,16.776799999999998
868.04654266,2958.380266666666
256.5332652533333,425.0224
11.142852818571429,0.0
12.133330094666665,106.25413333333331
103.99998464,67.1088
1622.399816804,1688.9048
1517.6184384533335,0.0
11.703998152000002,43.68826666666667
9172.796440248,1029.0016
159.4666245306667,0.0
282.53325748400005,1381.322133333333
21243.727613866668,3735.724
367.99995844666665,149.9450666666667
32.39998392,62.7376
11.703997975999998,77.7672
62.39998356,78.29226666666666
20.799996936000003,51.204
25.99999301,150.99439999999998
122.891972028,67.1088
29.259995600000003,52.076800000000006
22.53332742266668,106.25413333333331
267.19996982866667,486.5384
31.199987628,47.5336
34.66665318666667,131.42026666666663
16955.462108254666,4529.8464
128.743979672,905.968
68.27332306666668,0.0
5.851998636000001,117.4392
22.98999777642857,31.267714285714288
9883.465218358668,2248.1448
25.99999603,39.14586666666667
69.33331477333334,0.0
67.199990004,181.75253333333333
11.703998064,42.465066666666665
10394.798452774,3422.5498666666667
9006.398642111999,715.8272
177.51063123733329,234.8808
135.199946232,671.0871999999999
233.99993835,0.0
3100.932881312667,469.7616
10.399995956,109.0496
25.999993,46.1344
5981.731715964665,268.4352
11.703998064,50.68
347.2186066213334,771.7506666666665
191.99997432,439.00213333333335
135.19996438,100.6632
29.25999538,0.0
161.19997675000005,33.5544
133.466630528,637.5325333333333
240.93327819666663,190.1416
19.799991911333333,62.0384
246.13326621466663,704.6424000000001
25.99999308,57.319466666666685
4208.531575461333,917.1536
27.309327117333325,60.990666666666655
199.99997325,402.6512
161.90530776933338,939.5216
25.99999613,79.68960000000001
12.133330225333331,346.72720000000004
112.66663650666663,41.9424
199.33327982,100.6632
260.9998115,33.5544
21.599987792,39.144533333333335
178.53328533533332,257.2504
29.25999494,0.0
29.25999668,16.776
19.066663924,195.7328
31.199995452,162.17893333333333
487.6665823333335,2757.054133333333
25.99999602,226.4904
214.19989369333337,335.544
8.666664833333334,55.922133333333335
77.99998848,25.1624
93.599974656,313.17306666666667
199.33328043333333,111.848
10812.530667627998,3769.279466666667
164.66664146,44.7392
129.99996520000002,178.9568
158.00397742799998,229.28693333333328
411.5905862053334,1073.7408
102.26663913333331,413.8376
7484.532271105334,1409.2848
17.333329666666668,16.776
97.06664038399998,167.7696
166.39995532800003,570.4232
3635.997994813333,0.0
20909.196887746,3704.966666666666
25.99999304,0.0
180.2666435093333,0.0
183.3626191653333,167.772
25.999992820000006,51.72693333333333
29.259995600000003,190.13946666666664
786.9331238880001,1426.0608
228.7999516,956.2984
152.53327402133334,0.0
25.99999308,159.3816
7.802664613333333,62.912
77.99997945,150.99439999999998
24.266662952,201.3256
176.7999524,134.2176
21.599987792,83.53413333333332
1234.7718050360002,2091.558133333333
23.99999679,89.47653333333334
23.407994672,94.02053333333336
83.199978048,0.0
21756.794050352,5637.1432
206.26663652,100.6632
185.46661801733336,78.29360000000001
114.399970124,53.1256
29.25999538,167.07146666666668
19.50666222666668,76.71813333333331
15.599996004,134.21679999999998
39.86665085800001,285.2106666666667
5.199999206000001,60.11573333333333
155.99995823999996,33.5544
77.99997923999999,55.9232
187.263978752,234.8808
19.066661504,141.2064
21.59998928000001,69.0296
103.99997336,262.84186666666665
69.33331448000001,0.0
116.133301888,134.2176
649.5718290599998,402.6528
88.3999762,195.7328
3.9013327173333336,142.60479999999998
25.99998982,69.9032
29.259995600000003,127.22613333333332
155.99996969999998,0.0
32.93331957733333,827.6746666666666
97.06665636266663,55.9232
117.03997108,111.848
25.19998970533333,68.68
233.99996535,111.848
60.47065711866666,33.5544
21.599987792,91.2232
25.199996677333328,33.02826666666667
152.15197368800003,458.5762666666665
57.19998460000001,380.2832
11.703997712,33.02773333333333
25.99998982,109.0504
487.7996648633333,268.4352
212.62259690666667,301.9896
21.599997152,67.10719999999999
28.79998823466667,69.7296
58.51999120000001,184.5472
67.599992824,729.8058666666667
3756.5979283046654,0.0
23.407994672,52.2512
76.075987416,176.15866666666662
39.866655994666665,33.552
13.866664544,50.3288
12.133328657333331,100.6616
331.06660236333335,715.8272
98.799973742,167.77120000000002
114.399971092,100.6632
296.39995588200003,469.7608
475.962531328,805.3056
500.79993301799993,905.9672
214.93327695466667,313.17440000000005
2612.1329676346663,1398.1
31.210663648,109.39946666666664
117.0399824,100.6632
46.799993034,275.42426666666665
3592.798018637333,0.0
40.96399535199999,167.7704
657.3745628706665,346.7288
4683.4654327533335,29684.48586666667
109.79998552266666,285.2112
21354.660950186662,10122.2528
197.599970892,536.8688000000001
1031.9024649413334,894.7834666666666
20675.192016192,3886.720533333333
15910.260535094669,11911.8224
146.29997690000002,1124.072
213.199967446,413.8376
29.25999538,27.2608
10763.99586,2494.2104
292.79996083799995,237.67466666666664
10757.062173522669,3109.374666666666
24.266660152,67.9808
167.757305584,218.10186666666667
335.9999620600001,499.1208
162.93330168666668,201.3264
920.399744058,2393.5472
74.53331329533333,475.3530666666665
21101.5943188,4183.117066666667
37.06266025733333,39.1456
653.4732301533335,257.2504
14771.462769272002,4004.1602666666654
5.851999032,226.4904
11.703997712,33.552
54.61865845333333,205.5192
3059.332510843333,648.7184
24.266660534666663,95.06906666666669
6.933331506666668,61.516
10.399998464,11.184533333333333
6.9333314586666654,67.1064
135.199964588,100.6632
95.99998916,215.3064
81.466644984,654.3095999999999
51.99998,408.24453333333327
370.9332356066667,357.9136
138.66662912,749.3805333333333
36.399990284,134.21679999999998
166.39997452799997,167.772
69.33331488,83.884
25.99999613,76.89333333333332
117.03997108,167.772
11.70399824,60.8144
29.25999428,100.6632
197.01728229466664,201.3264
52.66798614,294.99733333333324
1950.666112,5234.490400000001
27.733327466666665,257.2504
16.714281252857145,173.76314285714287
195.8666392453333,190.1416
1012.395794476,525.6856
97.533315,178.9568
155.99997696,346.7288
10.399997436,75.4952
90.133320056,86.68026666666667
25.99999304,173.3632
753.9998883500001,581.6096
135.199964536,89.4784
5914.132493981334,816.4904
84.93331049933333,150.9936
128.26663233066668,218.1024
77.99998875,100.6632
72.79998135199999,307.57946666666675
249.599967936,838.86
27.309326968,131.42053333333334
24.266657295999995,53.65013333333333
3.901332776,254.4528
44.86532557466669,637.5322666666667
1405.7997417493334,134.2176
19931.594794786,4250.225333333333
1773.1997449320002,1577.0568
38.13332783333333,268.4336
1.9506663586666668,19.9208
197.599972336,156.58720000000002
51.99998594,279.6197333333333
2027.99946102,3825.2016
16659.062181533332,3221.2224
51.99998,262.84186666666665
11.70399692,34.601866666666666
11970.396814032,2949.991733333333
27.309330692,26.56213333333333
31.210663648,27.96
126.533314256,408.2448
25.99999309,57.319466666666685
10.399997236,47.5336
29.25999538,0.0
2810.9102228386664,8791.26
81.46664222666669,0.0
3524.3980563586665,0.0
6011.198400095998,2113.9272
6007.732436794668,1140.8496
19.066661548,55.9224
681.5999088359999,324.35866666666675
25.99999309,19.57253333333333
152.99993749666663,525.6856
58.51998988,212.51013333333333
27.733329248,41.4168
155.99995890000002,78.29360000000001
149.06665084266666,209.712
3967.598426694,4966.0552
23.407997344,49.98053333333333
122.891972028,67.1088
29.259995600000003,41.94
253.58659638,100.6632
233.99996661,0.0
41.599988624,218.1024
77.99998896,0.0
1741.99981508,1398.1
71.06665608866666,83.884
11.703997975999998,82.8352
21.457331258,36.872800000000005
83.19998768,78.29253333333334
40.963993224,302.6872
11.70399824,65.35946666666668
185.31331230666663,279.62
20.7999956,131.42053333333334
2716.99927686,1174.404
13.654664613333331,69.90426666666666
102.26664047066666,111.84746666666666
21512.394224748,5950.317866666666
7777.463669350666,6333.398133333334
117.03998868,917.1536
34.666657240000006,12.5816
121.33330104,268.4352
135.199952056,67.1088
103.99995956,33.5544
281.5999682026668,457.1776
218.399941956,780.1381333333333
119.99998215,33.552
25.99999612,173.36373333333336
384.281226822,503.316
1498.11177472,0.0
15.599995824,185.9453333333333
15.605330986666669,157.98426666666663
40.96399384,222.2952
103.99998524,128.62346666666664
36.39999442799999,285.212
83.199977248,128.62506666666667
93.599976348,190.1408
4574.2655301373325,13611.912
1825.1995086,2013.264
36.39999041,173.36293333333333
62.42132394666667,134.2176
21.59998928000001,64.65973333333332
154.26663136333335,33.5544
111.187980772,413.8365333333333
77.99997879,162.1792
64.13330654533334,184.5472
5252.3962066,0.0
15.599993484,41.9408
116.13330398733332,483.7421333333334
103.999972,385.8749333333333
3763.065647744,11492.3912
77.99998857,0.0
308.7999651313333,356.51413333333335
152.53331174399997,0.0
158.00401576800002,167.772
100.5333079293333,78.29146666666666
21075.594398754,4809.466933333333
71.06664734199998,0.0
20.799994344,59.0672
36.399994568,279.61866666666674
216.523957746,134.2176
31.199987784,135.6149333333333
22.98999619714285,32.95285714285715
10215.639720337334,2952.788
21703.060856922664,5746.1952
179.46130499733334,363.50506666666666
20.799994416000004,38.79626666666667
22.53332734466667,166.37226666666663
393.599947356,917.1517333333333
159.4666242853333,167.772
57.19998493000001,100.6624
10661.730778618,2270.514666666666
58.51999076,0.0
9.75333106,75.4952
20.799994416000004,58.71813333333332
247.73462941333327,1943.3589333333327
17.333330840000002,120.23546666666664
5797.998472449999,3746.9098666666655
21.599987792,45.6104
390.1332252,1565.872
97.53331646666666,100.6616
7.802665376,41.59146666666667
247.99997199666663,581.6090666666668
40.963990452,240.472
15.599993814,72.69893333333331
135.199952056,134.2176
132.6453133866667,67.10719999999999
109.237322768,271.2298666666666
20812.128618584666,7113.537333333332
187.1999496,134.2176
100.53330665333334,48.23173333333333
610.1331674239999,0.0
5.19999862,64.31146666666667
5484.264548896,2561.319466666667
146.29996699999998,100.6616
21595.596935086003,4431.9792
11.703997536,54.87386666666667
162.93331071066666,0.0
162.93331071066666,268.4352
25.99999601,137.01253333333332
263.33993493,0.0
12531.99668866,2617.2432000000003
467.99986986,150.9936
743.99990049,376.7866666666668
20.799997,45.43653333333333
117.03998064,167.772
71.06665660799999,279.61920000000003
760.7598856000001,2661.9824
3589.1980206226667,0.0
72.79998952799998,0.0
159.4666237946667,145.4024
5.199998616,25.164266666666663
79.73332155733334,209.712
473.3998066073333,0.0
155.99995800000002,67.1088
25.99998982,33.5536
25.99999336,41.9416
25.99998982,92.2728
133.46661933733333,100.6632
22249.298076484,1879.0464
27.309327117333325,58.1944
11.70399824,29.357866666666663
86.66665746666666,408.24426666666665
149.0666325533333,0.0
10.399997252,16.776799999999998
17.555995908,157.9834666666667
93.5999865,139.80933333333337
173.33330686666667,134.2176
8732.531103178664,1017.8168
15005.464531273332,6822.732
29.25999582,234.8797333333333
27.733325973333336,58.19413333333332
21522.794238512,4320.131466666667
7.802665434666668,42.9896
21793.191601236,5214.915733333333
230.53324307066669,506.1101333333334
79.73332177200001,0.0
98.79997036,167.772
680.782554056,301.9869333333333
88.399976098,299.1909333333333
2383.99968114,1101.7016
265.199932986,142.6050666666667
72.799992272,419.4288
58.933310576,232.08213333333327
3704.397957091999,0.0
31.199991384,11.1832
146.2999615,850.0437333333333
41.599983504,324.35813333333334
5541.465841840666,2041.226133333333
29.259993400000003,78.29360000000001
216.66660850000005,167.772
169.86664190533335,268.4352
1734.1423276613336,0.0
109.79998552266666,343.9312
31.199991648,192.93653333333333
3.4666661640000003,0.0
163.85596919999998,162.17813333333334
10221.465141309334,3545.5832
25.99999309,43.33813333333333
78.02665141333334,345.32933333333324
8.666664346666668,79.68960000000001
3551.3980414686657,0.0
3348.7995092720007,1688.9048
234.07997344,100.6632
77.99997900000001,83.88506666666667
142.13331239599998,272.628
36.399990256,300.5906666666667
29.259995600000003,111.84666666666668
119.59998256599998,0.0
35.111992992,117.4392
3485.732400229333,3509.2330666666667
155.99995914,22.3696
3.901332424000001,183.1501333333333
13.866664672,113.2448
5.199998592000001,36.348
70.22398099200001,257.2493333333333
1892.1463821333327,2550.1344
51.99997827999999,265.6376
10.399997224000002,125.8272
91.86664882333332,50.3312
10802.130462458665,6050.979733333333
5.851998636000001,171.9656
20988.93012848467,3593.119466666667
138.6666453866667,22.3696
445.466601046,150.9928
175.06661865799998,111.848
1104.0771673066668,1241.512
4926.131999488001,12532.5784
36.399990256,162.17786666666666
10592.398476323997,1968.5248
77.99997927,131.42053333333334
140.399979318,236.27653333333328
168.1332883253333,156.58720000000002
195.8666152893333,391.468
1.9506663733333327,109.0504
8111.288780257143,1414.0782857142856
587.1505342266668,3288.331733333333
11.703998064,44.56186666666667
21489.860649504,9646.898666666666
343.31723547733327,492.1312
100.5333079293333,139.808
9.599998572,22.368
19423.73046459733,4278.1888
5.851999076000001,22.0176
109.1999769,1146.4405333333334
7.802665434666668,16.251466666666666
42.91465666399999,30.757066666666667
155.99995805999995,111.848
58.51998988,167.77120000000002
4.799999358,114.64293333333332
232.26660547333333,0.0
109.199970978,134.2176
31.21065956266668,56.97146666666668
102.2666408246667,246.06506666666672
266.39980760000003,67.1088
29.25999494,55.922933333333326
11.703998064,84.75786666666669
13.866662954666667,128.62426666666664
120.94134540266668,162.17946666666668
29.25999516,11.184
280.7999244,1146.441066666667
20.799996936000003,56.6208
7770.531241266667,525.6856
163.855957552,402.6528
83.199978976,33.5536
77.99998875,27.96133333333333
23.99999729,0.0
77.99998875,27.96133333333333
159.46662489866668,123.0328
90.13330896266667,162.17839999999998
38.133323932,109.0496
76.26663727466665,285.2112
103.99997336,290.804
57.199977604,85.28213333333332
3112.197679682001,0.0
663.8665017213333,4898.9456
2539.767323828,19819.48213333333
140.399962416,100.6632
286.1998579600001,268.4352
4803.065951748666,4518.661066666667
207.99997088,0.0
243.8332673333333,1045.7773333333334
380.37989457,861.2296
48.53331983733332,472.55626666666655
133.46662980933334,55.924
3.901332688,48.2312
25.199996677333328,62.21333333333335
129.9999814,335.544
3.9013326586666666,30.93066666666667
35.111993136,141.20586666666668
27.169994697857145,134.816
54.61865598933333,150.9936
138.59998172533338,67.1088
155.99995890000002,0.0
727.99989164,777.3424
264.5998089,447.392
77.99997963,0.0
27.733329344,31.98
11.703996832,43.33893333333333
21855.594401604,4096.434933333333
239.931965724,390.0672
5.851998856,100.6616
67.599971764,170.56613333333334
3682.797969004,0.0
25.99999304,181.7514666666667
23.407995072,145.40106666666668
10568.130512454663,1823.1224
141.14283586285714,293.5994285714286
239.199937256,89.4784
20.799994544,76.19413333333331
77.99998215,201.3264
84.93331033600002,0.0
19.06666156266667,232.08213333333327
48.533321368,201.3264
14823.464568576,4949.277599999999
102.26665581066663,1006.632
135.199964536,44.7392
155.19998247533331,699.0485333333334
2133.7332611146667,2449.4712000000004
193.115972412,699.0490666666668
164.66662461333334,425.0208
41.599988928,201.3248
157.733292444,22.3696
527.99992938,84.58373333333334
79.73332155733334,156.58613333333332
701.9998955100001,704.6413333333335
11.70399692,20.44453333333333
23.407997736,27.61013333333333
155.99995823999996,335.544
396.7999551946666,514.5002666666666
237.9812859973333,0.0
1.7333328673333332,117.4384
129.9999808,0.0
529.5999401993333,754.9725333333333
42.91465537333333,233.48026666666664
195.8666152893333,257.2504
294.5505882473333,671.088
161.19997681200002,0.0
122.891988114,33.5544
154.26662833733334,195.73386666666667
2780.998619800001,0.0
57.19999155200001,0.0
11.70399824,24.46533333333333
161.90530533466668,1275.0664
216.523943908,0.0
28.79998372266668,44.03813333333333
100.799985006,201.32586666666663
79.73332109733333,592.7925333333334
8.666664833333334,123.03093333333332
109.199984502,223.696
71.06665617066666,50.3312
9.75333106,153.78906666666668
11.703997975999998,53.47466666666666
23.99999729,0.0
204.81994456,494.9253333333333
904.799645736,2326.4384
197.99990173333336,335.544
3317.5991029720003,12068.408533333331
3977.9977516933336,0.0
21642.394073312,6688.5144
21337.32759687333,4180.3224
479.863872244,1420.4688
19.066662633333326,139.80853333333332
25.99999626,340.7856
201.0666125333333,346.7288
44.865326249333336,279.61866666666674
60.666643240000006,391.4674666666667
2149.3330183733333,749.3815999999999
31.99999572,134.21679999999998
10.39999726,75.4952
57.19998493000001,167.7704
33.161325785333325,76.19439999999999
10720.664398833334,7829.366400000001
155.99995746000005,0.0
1686.5329026186664,3355.4408
25.99999613,50.3288
77.99998869000002,44.73813333333333
70.22398785600001,620.7552
10432.930524466668,134.2176
18683.595393774,3914.682666666666
3026.399549532,380.2832
3525.598527383999,1263.8824
168.1332679553333,134.2176
81.46664473333334,307.5805333333333
21384.12758429133,4362.073866666667
29.25999318,19.572
149.06662802399998,0.0
11.703998152000002,32.504
147.33331270666662,111.848
117.0399824,0.0
103.99998412,503.316
23.407997736,44.037866666666666
161.19995659999998,44.7392
163.855974128,35.29973333333333
20.799994416000004,38.09626666666667
24.266660534666663,41.94
21.457329138666665,120.23546666666664
20.799994432,199.92613333333333
21.59998928000001,68.68106666666668
181.411948416,178.9568
31.210663648,103.45813333333332
1628.8063482533337,1971.3216
23.99999679,55.921333333333344
204.5333021026667,738.1968
29.259993840000003,16.075466666666667
2607.999705513333,0.0
57.19999155200001,100.6616
273.09325764,1744.8288
20065.061326272,4348.092799999999
315.46662019599995,0.0
23.407997736,28.309333333333328
161.199957158,402.6528
937.7330007986664,746.5834666666667
51.999986,55.924
67.59998190399999,1.3978666666666666
103.9999724,49.28106666666666
44.865326249333336,836.7624000000001
21.599991176,57.84426666666668
66.32265519733333,503.3152
28.79998823466667,60.46506666666666
58.51999032,117.4392
14979.462754721331,3333.0704
27.733325973333336,64.31093333333332
192.39994931,100.6632
83.19998006400002,50.3304
567.6439103719999,206.91786666666667
10.44999842857143,155.7874285714286
85.82931978133333,782.936
125.99998338666668,310.3768
129.99998015,55.924
192.399947238,246.0656
1483.7329338666668,2885.6784
12.5399967,37.63428571428572
10.399998412000002,106.2552
60.66665033333334,190.1416
11448.665037433331,5592.403733333334
21314.797737352,4697.618933333333
2737.599633846,1269.4741333333332
149.0666446506667,33.5544
17.33332864666667,100.6616
1763.4021893546671,2113.9264
60.47065620933333,394.2624
168.1332890366666,0.0
138.66661168000002,19886.591466666665
21030.530251551336,4334.112266666667
187.199971344,134.2176
171.599953866,33.5544
17.599997646,117.43893333333332
56.56932440133333,824.8784
211.4666109533333,44.7392
11.703998152000002,25.3384
40.963993224,308.28
519.9999232,190.1416
48.53332043466665,219.5
897.3064845066666,626.3488000000001
150.799959864,332.7466666666667
36.79999584466668,117.4392
25.99999359,31.804266666666667
97.06664254933332,385.8744
29.25999318,30.757333333333328
163.855957552,167.772
5.199999258,74.09706666666668
13.654663792,216.70266666666663
138.66662837333337,100.6632
128.74398754800006,257.2504
134.59596513199998,89.4784
155.99995823999996,11.1848
25.99999602,145.40186666666668
24.266660301333328,83.70906666666669
21462.125045648,4487.904533333333
877.7998217999999,402.6528
46.799986986,402.6512
187.199948736,167.772
220.1333015833333,257.2504
21496.794245472,4557.808533333333
126.79330664,514.5008
1537.4665034586665,2684.352
173.33330680000003,78.29360000000001
12.133330094666665,181.7517333333333
21.599991176,68.68
29.259995600000003,62.912
21091.196860656004,4977.238933333334
10.399998492000002,58.71973333333332
7.802665434666668,163.57626666666664
3.9013326586666666,41.94106666666666
79.73332201733335,44.73813333333333
28.79998823466667,62.3872
21.599987792,67.98053333333334
10.399995992,142.60479999999998
35.111996604,246.06426666666664
77.99998803,50.3304
10564.662253886669,1263.8824
38.13331853466666,402.65173333333325
107.28664811333334,738.196
13.654663997333332,128.62506666666667
180.266618272,721.4194666666667
8950.932021677334,1188.3848
468.15990496,2415.9176
76.26664578133331,145.4024
65.86665691333333,33.5536
51.9999862,44.7392
81.46664520333334,0.0
121.33330048,83.8848
232.266633524,0.0
817.3291919906668,794.1208
198.967948456,0.0
31.199987784,257.2493333333333
259.43862180133334,978.6688
25.99999309,36.34746666666667
23.407994672,59.06746666666668
179.46130769599998,603.9784000000001
93.599974476,111.848
57.19999155200001,78.29253333333334
210.671955648,553.6469333333332
175.55995248,659.9029333333332
171.5999538,223.696
169.707983586,33.5544
56.56932227466668,204.1197333333333
25.19998970533333,65.01093333333333
939.4665275533334,805.3056
4258.7988534000015,12963.194666666664
7.802665023999999,29.1832
24.266660469333328,192.93653333333333
31.199995236,190.14
74.53332246866667,83.88560000000001
25.99998966,8.388
325.8665811893333,0.0
644.799905512,1767.1984
152.53329209066666,145.4024
24.266660068,32.5032
419.466504688,1476.3936
25.99999309,75.4952
24.26666022666667,77.59253333333334
11.703998152000002,31.80533333333333
8.666665420000001,104.856
60.47065484533333,236.27653333333328
93.599976924,67.10693333333332
58.51998832,226.4912
10722.397702932,5077.902666666667
157.73331058333332,0.0
20924.794438832,4306.151466666667
120.94130927733332,100.6632
386.23189294800005,872.4144
23.407994672,76.19439999999999
77.99998805999998,72.70106666666668
237.981283232,503.3141333333334
25.99999309,50.3288
157.73329141266663,123.0328
684.6838867439999,321.5618666666666
1946.532584666667,3746.909066666667
197.599947484,67.1088
11.703996428,36.52266666666666
181.411950462,313.17440000000005
77.99997867,0.0
516.9265267466667,1862.269333333333
214.93330572266663,123.0328
183.7333061266667,100.6632
19.066661797333328,184.548
27.309327117333325,90.87493333333332
236.0306258493333,441.79893333333337
218.47463381333333,374.6904
212.622608606,11.1848
181.411948292,0.0
17.555997228,19.04693333333333
204.81994407,268.4352
21.599987792,79.8648
8.666664323333334,10.484
901.3330972533332,6207.568
25.99999309,192.936
1814.799516984,2125.112
20253.99471059,3355.4408
247.73463855733328,145.4024
7.802665317333333,14.329333333333336
136.93331337266665,33.5544
4392.2655060946645,3478.4728
32.933320438666655,257.2488
22251.24874263133,1610.6112
58.51998668,0.0
150.799978018,0.0
27.733326058666663,42.117066666666666
20416.927805056,3215.630666666666
79.73332109733333,139.80826666666664
975.8664028073332,984.2624
190.66661724,123.0328
181.41201810400003,145.4024
56.56932440133333,956.2992
513.066588128,352.3208
157.733292444,78.29360000000001
2299.835671452,4104.823466666667
36.399985748,33.552
8.666664383333334,78.29226666666666
1263.599767872,268.4352
77.99997902999998,83.88560000000001
129.9999483,156.58693333333332
28.79998570666667,46.48453333333333
2622.532966178667,1588.24
93.632009344,50.3304
19321.46383532867,5103.069333333333
51.99998602,50.3304
146.29995945000005,212.5112
12131.596715136002,18748.537600000003
27.733325674666663,34.42586666666667
575.9999229599998,592.7933333333335
122.891988114,268.4352
614.399930624,397.05893333333336
159.95462522933332,100.6632
259.43862765333336,2002.0794666666663
487.6665315000001,838.86
688.1331859139999,1554.6871999999998
36.39999475,307.5805333333333
77.99997911999998,22.369066666666665
43.33332181666666,195.7333333333333
51.99998617999999,30.756
405.599940096,687.8637333333332
360.5332373760001,581.6096
34.66665790666667,150.9936
17607.195347636,3221.2232000000004
140.39998002000002,67.1088
594.5332482693333,671.088
83.19998819199999,117.4392
22.53332742266668,167.7704
76.26664713066666,111.8464
129.99996885000002,33.5544
5251.99857792,12733.905333333336
29.25999538,160.78
782.2171980626667,581.6096
176.79997456799998,167.772
22.533327110666672,33.552800000000005
155.99994228,33.5544
25.99999359,92.2728
1420.199739104,44.7392
21217.728249238004,4541.032
21748.127511525337,4048.8992
129.9999483,145.40053333333333
411.7298829257143,1294.241142857143
83.199978976,100.6616
187.1999496,22.3696
191.1653031493333,267.0354666666667
20.799996936000003,63.2624
93.631984512,461.3722666666665
20955.99709034,4541.031466666666
875.3332404133333,2225.7752
311.99996477,483.7405333333333
60.47065711866666,111.848
103.99997236,61.514933333333325
25.99999613,74.09706666666668
13.866662976,83.8848
10.399997216,184.548
168.13328871333331,313.17440000000005
19926.394796144,4697.62
284.79736175466667,313.17440000000005
77.99997957,139.80933333333337
51.99998886,673.8829333333332
339.73320031466665,536.8688000000001
602.9995857166667,0.0
3321.066956621333,883.5984
28.799996748,82.48586666666668
1.9506663586666668,127.22613333333332
324.1332075446667,0.0
9.7533315,169.16906666666668
11.70399824,20.445066666666666
227.0666068433333,111.848
132.6453084,313.1736
29.466655129333333,92.2728
31.199991648,0.0
62.399991144000005,357.9130666666666
27.733325973333336,73.3984
71.066646768,0.0
41.599988928,234.8784
60.47065711866666,0.0
285.99992399,419.4288
25.99999302,111.84666666666668
169.70796612799998,134.2176
24.266660152,34.07626666666667
83.19998768,83.8848
24.26666305466666,75.14666666666669
40.963993532,117.43973333333336
109.19998425,285.212
173.3332659333333,167.772
45.06666001066667,190.1413333333333
199.33330458333333,178.9568
2655.4662949013336,1370.137066666667
3759.599425938,1386.9152
996.6663132333332,989.854133333333
77.99998029,117.4392
88.39997647199999,559.2389333333332
154.26663136333335,201.3264
27.733322624,35.824266666666674
21.59998928000001,95.59306666666669
72.79998065199999,313.17253333333326
351.11994983999995,472.55626666666655
58.51998832,134.216
157.73327199933334,167.772
597.9998373899998,0.0
3191.289826853333,46.1352
25.99999405,469.76
54.61865845333333,156.58613333333332
11.703996832,46.30986666666667
284.797277756,335.544
204.5333046986666,234.8808
25.99999602,137.01306666666667
21.457329784,33.552
7.802665493333333,25.16293333333333
766.133220476,872.4138666666666
163.85596796800004,1392.5064
79.73331290933335,95.0696
5973.065049344,13639.8744
77.99997911999998,150.99466666666663
29.466662156,176.15866666666662
155.99995722,268.4352
268.1999646373333,0.0
21.59998928000001,93.6704
336.266617132,654.3095999999999
784.1678643920001,648.7184
197.599923164,78.29360000000001
195.8666218433333,89.4784
51.9999862,0.0
154.26662459933334,167.772
86.66663303333333,5704.251200000001
135.19998024,100.6632
81.46664608066666,55.92266666666666
25.99998982,76.89333333333332
116.13330193266664,380.2832
1.9506663733333327,0.0
36.399990676,134.21679999999998
42.91466053599999,293.5992
534.5996014259999,0.0
143.86662843133334,246.0656
119.99998215,27.96
103.99997252,0.0
3.9013327466666654,0.0
21417.060933482662,6473.208
246.133298212,134.2176
111.99998735333334,503.3144
377.86656318933336,413.8376
88.39997735600001,285.21173333333326
9.599998572,25.164
58.51998636,124.42986666666668
318.39996404733336,423.6229333333333
50.266652998000005,3.494666666666666
47.99999358,220.89813333333333
31.210660565333328,180.3528
6288.532373122667,2628.4282666666663
72.79998065199999,0.0
35.111994456,363.50506666666666
166.39996768,313.17440000000005
157.73331058333332,134.2176
175.06662074533335,78.29360000000001
561.599936586,545.2584
181.99995163,78.29360000000001
25.19998970533333,69.20426666666667
19482.663789226663,4334.1128
8.666665746666668,0.0
23.407997736,105.0312
103.99997216,0.0
37.062669035333336,1375.7304
316.00793822400004,995.4472
158.003964036,190.1416
48.76665896666666,679.4752
545.99991936,324.3592
136.54663129333335,380.2832
20.799994472,152.3912
161.199975262,134.2176
19.506663586666672,199.92586666666668
1045.1997186,3590.321333333333
11.703997975999998,57.669866666666685
3.4666657533333334,33.5536
120.941321636,648.7184
3.9013327466666654,28.65893333333333
180.2666181333333,100.6632
20.79999448,29.88213333333333
1127.4851637866666,1577.056
28.79998372266668,90.1744
48.76665859999999,343.2317333333333
27.30932437333333,106.25413333333331
117.0399824,67.1088
25.99999308,54.5232
29.25999538,234.8808
72.17465527066669,383.0773333333332
143.86663031266667,178.9568
140.39996198400002,293.5992
927.3331949466666,257.2504
51.99998668,167.772
20.799991968,66.0592
27.309330692,109.7496
216.66660725000003,380.2832
1552.730157226667,480.9464
10758.79842756,7292.494933333333
9912.931926459334,3145.7264
84.93331187133333,39.14586666666667
39.01332776,4.1936
4073.599455156,985.6592
25.99999359,176.1592
6.399999048,95.06906666666669
1360.6664657066667,4417.997866666667
129.99996520000002,413.8376
247.866631298,0.0
21.599991176,71.30160000000001
213.199942764,156.58720000000002
381.3332328666667,838.86
198.967948456,100.6632
40.96398922,260.0448
183.73326139466667,425.0208
114.399969464,156.58720000000002
29.259993400000003,131.42026666666663
237.4666041033333,0.0
4.799999286,16.776
85.82931978133333,637.5311999999999
77.99998839,134.21679999999998
71.06664534666666,0.0
129.99996505,33.5544
29.466658846666668,167.77120000000002
11.70399692,51.37866666666666
28.79998823466667,69.728
180.266618688,771.7504
20.79999452,32.1552
25.99998982,67.1064
155.99995823999996,480.9464
5210.9962365,0.0
6386.480986013334,559.24
1606.399785144,715.8261333333332
166.399956416,190.1416
236.0306258493333,768.9546666666665
216.52392896,436.2072
187.199949744,134.2176
51.99998754,83.884
930.467811108,458.5768
21300.927606659337,4306.150666666667
8994.263165821332,44.7392
181.99995163,436.2072
25.199985757333327,38.272
5054.399255448,3998.568533333333
585.8665339453332,89.4784
401.8372547786667,1140.8496
161.19995666199998,33.5544
175.06664081066668,436.2072
51.999986,145.4024
8094.665517846666,950.708
3.901332512,83.884
741.8665573840001,889.1906666666665
44.865326249333336,117.4392
263.33995446,866.8210666666668
43.33332718333333,27.96
120.941321636,100.6632
1205.9997784533334,0.0
1411.1997407573333,0.0
62.399990784,0.0
195.06661613333333,201.3264
115.19997883733332,201.3264
31.199995344,204.11946666666668
72.79997989600001,335.544
206.2666361233333,167.772
91.86664154466663,0.0
171.65862665599997,549.452
7.802664848000001,113.2448
209.733281626,0.0
70.22398152,22.0192
3.4666657413333337,111.84666666666668
48.59997588,209.7144
154.10263654133334,1470.8002666666666
11.703998152000002,29.8832
138.49730578533334,212.5112
27.733325824,64.4848
23.407994672,53.125333333333344
10540.398504074,3713.355466666667
31.199995512,894.7821333333333
8.666665453333335,125.828
19.066659252666668,142.60479999999998
34.66665741333334,162.17839999999998
441.99987896,167.772
21314.796983136,8545.194133333333
51.999979380000006,215.3056
34.666657453333336,229.2864
466.1998095486666,0.0
608.6078947520001,1207.9584
116.13331671733332,67.1088
25.358664214,104.50533333333333
156.05330288000005,67.1088
77.99997864,0.0
210.67194542400003,268.4352
20.799991968,60.4656
29.25999516,150.9936
95.33330924333332,223.6949333333333
103.99995928,41.94
282.8465967766666,134.2176
56.569326914666654,61.33946666666668
20.799991856,55.22293333333333
36.399994624,313.1728
2452.6660035033333,4742.357333333333
25.99999304,134.21573333333336
71.06665617066666,139.80826666666664
11.703998152000002,31.280266666666662
155.99993934000003,100.6632
103.99997336,335.544
323.8106204080001,643.1250666666667
5.851998858000001,134.216
72.799980204,503.316
197.599929928,167.772
31.199992116,92.272
77.99998215,0.0
120.941321636,682.2728000000001
135.19997935600003,178.9568
10266.35969119733,1722.4592
25.99999,134.21679999999998
442.799819108,335.544
176.799974364,156.58720000000002
71.066646768,134.2176
135.199985648,200.62666666666664
159.46664311466668,89.4784
62.399973936,173.36346666666668
5820.5317864146655,950.708
384.799897584,156.58720000000002
316.00795010400003,9674.858666666663
25.99999308,62.912
17.555996699999998,128.62426666666664
21262.796965962,7717.518133333334
41.599995302666656,157.98426666666663
3243.958154462667,1062.5554666666665
7118.798926704001,1319.8064
21222.92762762933,5676.290933333334
21664.92735047867,4048.900266666666
8730.798666874001,335.544
36.399990564,89.47706666666669
109.1999769,134.2176
7.802665023999999,65.7088
269.191973964,0.0
157.73329068466666,100.6632
157.73331046200002,268.4352
41.59999363199999,570.4232
10.399998452,16.776799999999998
273.0933023466667,111.848
3819.404274708,682.2728000000001
5.199998618,44.73813333333333
155.99993945999995,167.772
103.99998412,0.0
774.7997914,3461.6965333333333
368.675899326,279.62
29.25999538,8.388
192.39994894000003,324.3592
80.9999598,123.0312
1418.3997394346668,268.4352
41.599988864,212.50826666666663
25.99999302,39.8432
135.19996583600002,167.772
79.73332155733334,44.73813333333333
10710.262193070666,8120.171466666668
155.99995823999996,369.0984
10.399997224000002,184.5464
11.703997624,44.38826666666667
21281.86093693333,4026.530666666666
22.533327778,54.34933333333334
109.1999769,1230.3272
221.8666381653333,548.0551999999999
11.703998152000002,68.8544
44.865324900000005,855.6368
180.2666406666667,246.0656
5.8519989,199.92666666666665
22.53332735333333,73.39760000000001
2116.3999283680005,3489.6592
135.199962976,178.9568
24.266660068,63.436800000000005
107.28665053333334,324.3589333333333
39.013327173333344,33.55226666666667
6.933331482666667,134.21679999999998
27.73333038933333,44.7376
25.99998989,257.2504
183.362648932,22.368266666666667
6028.531731134665,1565.8709333333331
29.25999538,198.5288
159.46664366666667,78.29360000000001
77.99998809,55.9232
27.30932717333333,274.0264
582.3999342373334,335.5416
33.161329570666666,50.8536
155.99993945999995,212.5112
29.259995600000003,41.9424
140.399962686,0.0
29.466662280666664,123.03173333333336
20.799994872000003,125.8272
22.533330014,33.9024
9002.931975968,335.544
95.99998716,183.5
23.407997736,89.30186666666668
222.375974768,603.9792
10689.463772288002,3881.1272
2080.7996177493333,0.0
3960.6662462266654,1711.2744
695.9999214100002,405.44746666666674
51.99997964,0.0
23.99999729,65.70826666666666
6005.99832987,145.4024
99.199985244,413.83706666666666
72.799980932,111.848
12755.596506928,6129.2744
27.73332247466666,53.12586666666667
77.99998848,0.0
3925.797781196,0.0
69.33331469333334,83.88560000000001
5180.9319564006655,2091.5576
45.066654689333326,212.5096
9361.729732666668,3825.204266666666
27.309330692,36.873333333333335
4799.598137386,1207.9584
46.8159912,788.5272
105.73330523266664,39.1464
27.73332977066667,178.95626666666664
19915.99703558,4082.453866666666
173.33328666666665,234.8808
50.26665313333333,447.392
27.309330234666664,60.64106666666666
136.93329667733332,406.8448
62.399993376,251.6576
179.46130634666667,503.3152
5.1999979960000005,92.2728
5768.531951104002,548.0551999999999
55.466651584,67.10666666666668
31.199995224,396.7101333333334
81.46665419600001,100.6624
155.9999775,0.0
146.2999714,110.44853333333334
25.99999617,64.31013333333331
1439.9997354666666,0.0
166.399935296,301.9896
25.99998982,68.50453333333334
107.28665629,444.5952
68.27332152666668,350.9213333333333
133.46663078466668,201.3264
369.199900884,0.0
380.37989184,760.5664
133.4666475706667,178.9568
51.99998602,111.84693333333333
129.99996520000002,257.2504
388.2665621333333,458.5757333333333
157.73331058333332,0.0
1556.799791778,271.2298666666666
71.06664824399999,0.0
7.802664906666666,13.6296
939.199874382,1196.7730666666669
50.26665953266667,64.31066666666666
146.29997580000003,327.1544
497.4665931946666,346.7288
748.7997995520001,1789.568
161.19997532399998,67.1088
143.86662876333338,33.5544
117.0399692,139.80933333333337
21794.924933901337,5047.143466666666
136.9333124246667,67.1088
95.33330983,190.1408
571.5452430893332,167.77120000000002
131.73328246399998,525.6848
77.99997906,128.62426666666664
1171.7328777093337,234.8808
103.99998504,83.8848
10.39999726,27.960266666666666
12014.993373949996,0.0
198.96797742400005,492.1312
79.73332109733333,419.4288
74.53331329533333,55.9232
149.06662802399998,100.6632
77.99997945,83.88506666666667
216.66660958333333,134.2176
208.7212792626667,290.8048
152.15197597600002,455.77893333333344
36.399994904,100.6608
29.2599923,89.47653333333334
13.654664510666668,120.23493333333332
3535.99906568,1442.8392
161.19995659999998,111.848
302.35327433,290.8048
811.1997840959999,1375.7288
19.50666344,69.90293333333332
131.73329877866664,67.1088
11.703998064,36.52453333333333
74.53332235399999,218.1016
129.999961,67.1088
146.2999708,0.0
6.933330655999999,153.7896
193.599974106,72.69893333333331
232.2666071706667,612.3661333333333
662.1331548119999,1207.9584
124.799968464,637.5322666666667
6030.265126629332,626.3488000000001
218.39995002,123.0328
25.99998991,268.4336
21027.060973184,4809.466933333333
10195.465149110669,648.7184
105.73330527333331,78.29360000000001
8347.731169344,1398.0992
298.1332535253333,732.6026666666666
428.1332180666668,497.7232
149.06664596933334,290.8048
613.599860996,0.0
1777.0570393839996,2762.6456000000003
20929.9943972,7354.010933333334
464.258539892,503.316
122.892012264,139.80933333333337
62.399984232,92.2728
103.99997372,47.1848
6.933331466666666,29.3576
674.2664848740001,872.4144
4972.932141742001,1476.3928
23.407997736,31.27973333333333
138.497319938,346.7269333333333
157.73331058333332,201.3264
21.599991176,64.8352
214.57327620666663,497.7226666666667
21585.19693656201,4320.130666666667
12891.198544368666,7493.821066666666
11.703998064,16.425866666666664
99.48396736,190.1408
4059.199457082,855.636
23.407997736,82.13733333333332
129.99996565,139.80960000000002
140.399979318,240.47173333333328
27.309327117333325,65.88266666666668
21229.86099992533,10536.0896
13.866664645333335,72.69893333333331
36.399990802,76.89333333333332
38.13332751066667,659.9013333333335
3560.2661298880007,1588.2416
176.79997450000002,89.4784
27.73332596266665,58.7176
64.13330654533334,195.73226666666665
629.199828906,0.0
138.49731042399998,738.1968
199.33327966666664,380.2832
116.13331671733332,67.1088
50.26665918466667,234.87920000000005
122.891968164,134.2176
7.802664613333333,63.4376
58.51998832,592.7928
21510.65837678667,5732.213866666666
70.22398785600001,822.0816
180.26662111466663,89.4784
565.1996116866667,0.0
11797.06499239067,2264.9234666666666
220.1333015833333,212.5112
21002.794313088,10653.530666666666
23.407994672,80.56293333333332
129.999961,89.4784
11.703998152000002,16.7744
60.47065757333333,0.0
116.13330845400002,201.3250666666667
25.9999931,222.296
27.309330692,72.34960000000001
77.99998839,134.21679999999998
1049.4585088533336,2908.048
77.99997942,178.9568
15.599996004,134.21573333333336
71.06665660799999,55.92373333333333
3021.198798492,905.9688
261.389278304,609.5712
117.0399692,120.23546666666664
242.6666027333333,178.9568
103.99995956,301.9896
7.8026645546666655,195.7317333333333
5.199999206000001,81.0888
39.866651057333335,106.25413333333331
29.2599923,95.06906666666669
25.99999304,352.3192
223.599944874,335.544
218.399941956,257.2504
71.99999036999998,27.96
157.73331064399997,134.2176
118.99064608933332,162.17866666666663
57.199984534,61.51546666666668
29.259995600000003,114.64213333333332
157.73327254533334,212.5112
25.99998982,67.1064
173.33328673333332,178.9568
157.7332920193333,33.5544
208.72129167466667,369.0984
51.99998617999999,223.69546666666668
51.9999862,167.772
133.46661933733333,100.6632
327.99996296333336,327.1544
47.66665990166667,209.712
32.933324517333325,128.62426666666664
166.399935296,0.0
51.99999232,0.0
129.9999685,810.8968000000001
29.259993400000003,61.514933333333325
5.199998718000001,8.388
23.407997736,45.6112
6.2699985385714285,170.76685714285713
31.19999178,117.4384
124.84264695466668,178.9568
290.64930035466665,369.0984
79.73330260533335,150.9936
34.66665309333334,548.0528
377.86656624133326,1683.3117333333334
163.85596796800004,1694.4957333333334
757.466557708,2407.5288
91.86665256866668,150.99439999999998
20728.92786408401,9999.219733333332
158.00401576800002,167.772
62.399983224,89.47706666666669
21.599987792,46.13573333333333
19.066663748,83.884
5201.997874886667,223.696
113.1386454,134.21679999999998
120.94131423733332,44.7392
851.1998861520001,562.0357333333333
21267.99698976,12191.4416
10708.530483215998,313.17440000000005
175.0666201393333,0.0
32.933328532666664,81.08773333333333
5.199998618,25.164
20.799994544,46.1352
164.66662233333338,134.2176
116.13330264733332,139.80853333333332
11.703998152000002,176.1584
3.466665738666667,33.5536
3118.3995829140003,1090.5176
147.33327655333332,234.8808
24.266660152,38.270666666666656
29.2599923,156.58533333333338
71.06664846266665,195.7312
261.733262464,335.5416
20760.13045086867,4608.140533333333
20.799996936000003,61.3392
5779.796029063334,0.0
25.99999602,242.91866666666664
124.84264695466668,626.3482666666667
58.51999076,14.1536
83.199987712,145.40186666666668
64.37198306,296.39653333333325
27.309330692,77.41733333333332
129.99996545,100.6632
58.51998636,363.5048
185.31330128666667,503.3146666666668
5106.5963119,0.0
29.25999516,125.828
31.21066312533333,27.961066666666667
3931.197778144,0.0
62.399991144000005,67.10719999999999
187.199971344,123.0328
35.111993136,134.21679999999998
5.1999986080000005,121.6336
6.9333314586666654,67.1064
25.99999343,61.514933333333325
196.799973678,455.7792
21241.99181366,3509.2330666666667
495.4692588266667,2650.7976
77.99997846000002,134.2176
3.4666661493333333,106.25546666666666
226.2772908,430.6133333333332
2299.835671452,4093.6376
81.46664501533333,117.4392
135.199980032,89.4784
100.53330580266667,156.58720000000002
25.99999626,721.4184
11850.796827632,1744.8288
58.51999076,139.80933333333337
23.407994672,66.7584
36.799995078,243.2674666666668
21619.863598308664,4991.22
91.866644654,0.0
150.20131880600002,570.4248
129.99996715,156.58720000000002
67.59998195600001,721.4194666666667
80.9999598,92.2728
24.266660095999995,0.0
3254.3975736640004,0.0
25.599996576,74.09706666666668
915.19986448,1297.4368
11.703998152000002,150.9930666666667
25.99999343,166.3730666666667
152.15195782799998,425.0224
29.25999668,27.96
161.19995666199998,190.1416
103.99997372,42.2912
29.2599923,81.08773333333333
25.99999309,0.0
218.399946156,0.0
28.799996148,153.78986666666668
80.9999598,53.12506666666666
21.599983896000005,64.83493333333332
155.99999472000005,0.0
21196.927691688,4459.941599999999
12.5399967,65.34657142857142
107.46663789866663,0.0
135.19996724,419.428
4385.332167846667,1107.2952
10.399997216,22.369066666666665
8.666665420000001,176.15973333333338
72.79997194399999,0.0
25.99999302,68.50453333333334
31.199991708,1051.3712
152.151965368,22.3696
50.266659262000005,212.50986666666668
31.19999178,264.23920000000004
483.599877798,1437.2450666666668
29.25999494,89.47786666666669
149.0666275653333,111.848
51.99998608,8.3872
27.733325792,30.9312
20.799996936000003,55.0488
228.227955462,55.924
20.799996984000003,157.98453333333333
25.199985757333327,37.746666666666655
2100.599614112,0.0
60.66665133666668,142.604
29.259993400000003,95.07013333333332
212.39989458666668,134.2176
327.711912752,626.3474666666667
791.9705058906668,816.4904
128.74397096,878.0050666666667
133.46663170866668,44.7392
1722.9330888093332,413.8376
5.199998604000001,47.5336
21.599987792,84.58266666666668
278.9997985,156.58720000000002
239.931953178,123.0328
79.73331198933333,78.2928
162.933291096,111.848
10.399998544,177.55679999999998
150.20129334466668,246.0656
140.447977824,905.968
159.46662373333334,111.848
77.99997927,97.86533333333333
10.399998412000002,33.5536
25.99999612,150.99439999999998
119.599967616,89.4784
1638.55967968,0.0
446.7025477393333,1029.0016
474.011925156,1907.007733333333
113.138655724,682.2728000000001
161.90531020400005,229.2872
16754.397622164,4026.5304
226.2772908,542.4616
27.309330692,39.1448
11.703996832,29.358400000000003
29.259993840000003,20.269066666666667
20.799994432,159.3824
306.79991917,503.316
194.39990352,178.9568
21.45732844933333,78.99013333333332
777.5999121959999,367.3104
161.90531020400005,206.9173333333333
17216.990269206664,8813.629333333334
58.51999032,142.6056
20798.26123511933,4138.3784
58.51998636,324.35866666666675
315.46662019599995,0.0
606.6572284226668,928.3384
204.81996766,308.97866666666675
36.39999041,271.2298666666666
180.79997958466663,343.9309333333333
10.399997436,69.90266666666669
102.26663913333331,55.9232
71.06664756066665,0.0
31.199991708,155.188
76.26665496266665,67.108
1558.582420574667,2315.2536
565.0665154026668,16.075466666666667
310.26662048466665,659.9018666666667
64.37199032000001,0.0
24.266660301333328,73.3984
152.5333171413333,220.2
27.73332602666667,288.0066666666667
29.466655208666666,100.6616
3.9013325706666655,60.64133333333334
3598.1993389973327,3489.6584
57.199984798,262.84133333333324
119.599953908,1079.332
23.407997736,101.53546666666666
210.672021024,234.8808
27.733329248,34.25173333333333
327.9999561300001,85.98053333333334
119.599967616,246.0656
17.33332906,137.01306666666667
51.99997964,0.0
655.4238275199998,167.772
95.33330924333332,181.75066666666663
268.1999646373333,0.0
51.99998554,427.81653333333327
31.199987784,92.2728
58.51998988,190.14
25.99999912,209.7136
114.399982752,246.06426666666664
121.33328648,167.77120000000002
20997.59446794,7426.712
4203.332887133332,1342.176
109.199970474,139.80960000000002
25.99999405,514.5002666666666
19936.794701412,7762.256266666667
62.399990712,67.10719999999999
80.9999598,262.84186666666665
21009.730416212667,6487.189066666667
21560.92756163733,4445.961333333333
29.2599923,103.45786666666667
282.5332581360001,1420.4688
60.666643240000006,281.0168
31.21066312533333,59.76613333333332
25.99999309,64.31013333333331
72.42855114857143,449.388
109.199984502,27.9616
71.06665652599999,73.39866666666668
25.99999336,603.9792
214.93328414666664,223.696
20730.663580986664,3341.460266666666
171.599973732,111.848
363.199951422,203.4213333333333
19347.461427968,3942.644
62.421323008,58.7176
227.06660623200003,246.0656
75.19999150866667,76.89333333333332
1782.9089275173333,525.6856
21.599997152,67.2824
21281.86093693333,4966.0544
29.259995600000003,103.45786666666667
136.54663941333334,0.0
3.9013327173333336,18.697066666666665
29.466655208666666,117.4404
46.799988462,114.64293333333332
150.20129914533334,246.0656
75.59996248,150.9936
166.399957952,492.1293333333333
13597.99631808,6291.4544000000005
242.4399765514285,0.0
25.99998982,144.00373333333337
77.99998869000002,134.2176
159.46664366666667,100.6632
48.76665859999999,308.97813333333335
25.999992820000006,132.81733333333338
25.99999302,70.07866666666669
132.6453084,123.03146666666665
23.407997344,53.998933333333326
95.33330700666669,139.80933333333337
10741.463828440666,861.2296
15.599996154,78.29226666666666
150.799959748,201.3264
688.5852194319999,416.632
133.4666475706667,145.4024
142.39865289400004,345.3301333333334
51.99999206,0.0
46.799987562,290.80426666666665
209.7333011473333,201.3264
51.99997964,0.0
81.46664539133332,67.1088
17.555997228,148.19813333333337
8994.265372876,603.9792
27.309327117333325,72.87466666666668
24.26666305466666,120.23546666666664
231.99996897,1291.8434666666665
128.26663558666667,768.9546666666665
19.506663,50.3312
29.259995600000003,41.24186666666667
167.7573500746667,257.2504
64.37198741600001,177.55733333333336
81.46665620133334,111.84746666666666
21209.060989162663,4753.542666666667
741.8664657920001,1672.1269333333332
119.99998215,11.184
27.309327117333325,75.14613333333331
25.99999336,11.184533333333333
21153.594231576004,5502.9256
25.199985757333327,78.64160000000001
27.733325973333336,61.8632
44.865324900000005,643.1248
655.4238965119999,313.17440000000005
58.93331780666666,67.10719999999999
1088.4718363200002,268.4352
245.78395749600003,671.088
155.99995836000005,0.0
148.250625576,134.2176
11380.187622026668,7068.7976
171.59995604399998,100.6632
41.599994436,184.5472
29.2599923,229.28613333333328
107.4666381053333,883.5984
27.309330234666664,47.358933333333326
77.99998875,111.84746666666666
29.25999538,48.931466666666665
10.3999978,164.9744
126.79330854666668,427.8176
21330.39511862,7471.450400000001
11.703998152000002,29.533866666666665
24.266660068,57.6696
48.28569513857144,83.884
24.26666022666667,67.63146666666665
12.539997548571426,42.68942857142857
13.654663997333332,164.97493333333333
179.46130499733334,417.3312
13.654663997333332,41.94
93.599974476,67.1088
1169.599843566,1454.0242666666666
175.55998007999997,324.3592
26.999986600000003,109.05013333333332
27.733325888000003,46.485333333333344
23.407997736,36.5232
70.223989968,314.57120000000003
27.733325973333336,81.78693333333332
142.1332829306666,0.0
58.93331746666666,44.7384
19.066661797333328,267.03573333333327
79.97731950266666,285.212
23.407997736,92.62186666666668
155.99997756,0.0
21.599987792,39.3192
31.210663648,115.16666666666669
20.799991968,66.93253333333334
15.599995806,206.91626666666664
13.654663586666665,197.1312
22.533330066000005,116.04106666666668
74.53331329533333,117.4384
1767.303654512,7918.844
204.53331162133333,402.6528
278.945306354,25.1632
72.79997961599999,83.88560000000001
58.51998832,176.1592
56.56932440133333,218.1024
10.399997236,41.9424
58.5199846,14.677866666666668
132.64530341333332,1224.7343999999998
206.26663620266663,469.7616
103.9999798,413.836
11.703998152000002,33.028533333333336
11.703998152000002,25.86373333333333
17.555996304,142.6056
10.3999978,153.78986666666668
105.7333041346667,0.0
81.46664579866666,83.884
84.93332029933332,72.70053333333334
17777.061853183997,8254.3888
29.25999516,0.0
21004.530416934667,4675.249066666666
11.703998328,142.6050666666667
5.199999202,50.3288
7319.863958315998,3467.289333333333
2062.6661160933336,237.67573333333328
762.6665549066668,1442.8392
5000.396388600001,0.0
140.399962254,11.1848
27.73332596266665,599.7832
51.99997964,109.0504
36.39999021399999,162.1792
157.73327199933334,100.6632
14098.931375750666,2936.0104
180.26661938133336,0.0
187.199950968,33.5544
308.2052512786666,402.6528
8963.064301796001,4362.0741333333335
80.9999598,246.0637333333333
228.799937608,178.9568
161.19993744200002,324.3592
24.266663092,56.6216
5.851998858000001,148.19706666666667
750.3998996339999,566.2296
3165.0661955586665,18692.612533333333
1416.5997397653337,0.0
20.799996984000003,41.24133333333334
3020.3987661106657,0.0
116.799984378,212.5088
20874.530250325333,4208.284
19.06666156266667,205.5192
2798.399625714,872.4136
178.53330689666663,167.772
69.33331490666667,134.2176
7.802665434666668,34.60106666666667
11.703997975999998,110.0984
129.9999668,279.61866666666674
3639.999118,1364.5456
263.33997453,0.0
4.799999358,86.68133333333331
10751.862523062668,335.544
497.4665392386666,11.8824
6543.3323921,1610.6112
171.65864214399997,433.4093333333333
147.33330471666662,178.9568
76.26665537333334,95.0696
84.93331164266668,1090.5162666666663
261.3893036746667,89.4784
9004.663085580001,939.5232
24.266663092,62.9128
149.0666263613333,0.0
24.266663092,58.194666666666656
11.703998152000002,93.49653333333336
25.99999612,67.10853333333334
3019.466217230666,78.29360000000001
1251.466333584,675.2813333333335
102.599923506,0.0
270.3999694673333,466.96373333333327
159.46664434133336,78.29360000000001
37.81817645090909,167.772
138.66662506666668,0.0
24.266660217333325,72.69893333333331
4.799999358,905.9677333333332
19.506663586666672,41.94
7.802665493333333,36.52346666666666
2194.399925728,2639.6128
17.33332906,149.59546666666668
12.133330085333332,61.514933333333325
11.703997975999998,62.56266666666666
65.86664133333333,576.016
644.799824664,0.0
507.8665922446666,503.316
1.9506663733333327,109.0504
25.99999306,183.1485333333333
220.799975068,799.712
109.199970768,123.0328
20.79999448,33.20293333333333
192.399972324,234.8808
27.309327117333325,82.66
93.63197536,359.30933333333326
173.33328666666665,167.772
10770.930416896,1532.3176
57.199984798,142.6056
1929.199244644,1166.0149333333331
56.56932440133333,139.80853333333332
220.133272966,246.0656
207.99997088,0.0
25.99999724,88.07839999999999
6031.999141599998,7801.403733333333
155.99995800000002,111.848
11.70399824,40.3688
64.13331577066667,268.4352
51.99998617999999,137.01226666666665
23.407994672,90.1752
5568.331187383334,2097.152
2649.0049349866667,679.4752
77.99997927,83.884
3106.1329343146667,1409.2848
175.5599736,167.772
10276.929309518666,2002.0792
129.99996794999998,44.03813333333333
31.21065956266668,91.92346666666666
9.599998572,78.29146666666666
77.99997900000001,128.6248
4312.532696405334,1029.0016
18.80999568,199.22771428571428
100.53331902666667,0.0
29.25999318,67.10719999999999
741.2532051466667,1996.4864
10.39999762,11.184533333333333
87.78000876,128.62373333333338
999.9998870833334,468.908
25.99999309,85.28213333333332
31.199992116,55.921333333333344
57.19998493000001,16.776799999999998
84.93331115266666,67.8064
2917.199224698,12303.2896
5.199999206000001,13.98
157.73331058333332,67.1088
11.70399824,37.74613333333333
51.99999232,0.0
109.199984418,100.6632
112.6666502,0.0
86.66664346666668,134.21653333333333
159.46663569333333,33.5544
35.111994456,43.338666666666654
46.81599190399999,251.6576
25.07999757428572,43.25228571428572
10.39999762,16.776799999999998
830.9838562960001,2197.8136
11.703998152000002,34.95066666666666
3090.5325927940003,5145.0112
27.309327117333325,52.25173333333333
552.0385836533334,2429.8978666666667
40.96399384,184.5477333333333
20.799997048,37.571466666666666
180.2666184106667,212.5104
57.199977604,212.5112
317.19991423399995,437.6032
71.06665617066666,2863.309333333333
142.13329506666662,246.0656
909.0104616266668,3802.8328
159.46663569333333,22.3696
145.59996018399997,1364.5456
213.19995121,268.4352
103.99997336,173.36293333333333
156.05330752,536.8696
187.1999496,346.7288
29.259995600000003,148.19733333333338
25.999992820000006,47.53253333333333
62.399984232,159.3824
5232.596220900001,0.0
51.999986,313.17306666666667
31.199987892,6599.036
136.9333124246667,0.0
281.599962336,229.28613333333328
15.599995848,5.592
25.99999343,22.368266666666667
327.712032704,156.58720000000002
71.06664777933331,0.0
5.19999862,36.34826666666667
21280.127374896,3914.681066666667
7236.665636833332,9261.0208
11.70399824,29.53253333333333
1609.299758,1140.8496
51.99998608,178.95573333333337
31.199987784,209.7136
21625.060911072,11492.3912
103.99997128,3534.3978666666667
77.99998869000002,83.88560000000001
2828.799621648,3313.4978666666666
727.99980624,894.7832
206.26663620266663,1386.9152
120.59997784533331,0.0
29.259993400000003,282.4149333333333
7.802665144,164.97386666666668
161.199976192,257.2504
10861.062347304,3031.081066666667
6.933331477333334,83.884
25.99999301,195.732
183.3626184133333,170.568
93.599963928,139.808
23.407997344,44.73706666666666
25.99999603,799.7125333333333
10495.329171529998,2013.264
103.9999762,22.369066666666665
157.73331058333332,0.0
1152.84382664,1275.0664
51.99999262,307.5805333333333
138.66662837333337,78.29360000000001
64.13331599266667,23.24133333333333
3.466666168,117.4392
147.33331287666667,0.0
1139.1891020693336,1073.7408
822.3998900040001,1426.0616
99.483984292,329.9496
29.466658835333327,61.51386666666669
77.99998002000002,184.548
24.266660152,57.49466666666666
19522.525591898,3758.093866666666
146.29998585,67.1088
10809.064351032,8310.312533333332
178.53328595333332,201.3264
227.1999743453333,226.4904
91.6813154106667,160.7808
126.79330447333334,111.848
233.99996427,939.5232
117.03997108,145.4024
1123.583780352,1342.1752
154.26662459933334,201.3264
22.399997004,142.6056
143.86664669133336,0.0
24.266660534666663,191.53706666666668
7.802665317333333,27.61013333333333
29.466662371333328,148.1976
103.99997184,598.3856
812.9330206666666,1946.1552
161.19995672400003,44.7392
25.99999405,687.864
103.99998464,11.1848
17.555996304,155.188
3516.799529628,679.4757333333333
51.99998,251.656
83.19998729600002,4026.529066666667
77.99997927,0.0
37.06266081466666,0.0
665.1771742000001,100.6632
109.19996724,67.1088
11.70399824,66.93226666666666
60.666643240000006,301.9888
121.5999862693333,1073.7394666666669
128.26663287333335,0.0
17.555996304,198.5277333333333
69.33330656,178.9568
29.25999582,41.9408
244.399935986,192.93626666666665
135.199964016,55.92373333333333
591.0665820986668,536.8704
155.99995805999995,190.1416
21.599987792,45.61253333333333
72.79998135199999,279.61733333333325
175.55996574,212.5112
152.53329279466664,234.8808
11189.022149183998,10647.9384
265.29060111466663,268.4352
31.199991456,14.677866666666668
55.466644672,95.07013333333332
150.799978598,117.44
1492.2597756,1107.2952
485.7159269600001,2494.2104
118.99063535333332,894.7824
462.307871862,961.8928
294.550609186,55.924
23.99999679,67.1064
360.8732790666666,1806.3448
119.599969778,562.0344
162.93328952933334,156.58720000000002
11.703997536,20.794400000000003
13.654664510666668,188.7416
34.666657453333336,190.1397333333333
97.06664038399998,0.0
121.33332045333331,201.3264
5781.596027826668,1073.7416
62.42132347733335,100.6632
155.99997618,190.1416
11.70399824,63.96133333333334
51.99999232,67.1088
25.9999945,100.6616
31.199995236,276.8224
244.399933918,973.0776
29.25999668,41.94213333333333
271.7998037,100.6632
77.99996988,41.94
3.9013327466666654,36.69893333333333
58.51998636,480.9456
419.3998286673332,0.0
183.73328386666665,67.1088
152.53329162133332,111.848
161.199979292,44.7392
149.0666296293333,609.5709333333332
181.99992874,931.1336
19506.93042980133,4306.150933333333
320.6665411133333,939.5226666666664
157.73331058333332,167.772
6.933332272,313.1728
27.309327117333325,49.456
350.1332393360001,0.0
72.17465581333335,0.0
93.599974476,33.5544
150.799976974,100.6632
550.087892464,841.6557333333333
71.99999187,62.912
56.56932482666667,164.97413333333333
28.799996202666662,63.087733333333325
233.99994087,173.36266666666663
1911.6530314933327,3623.876
43.33332181666666,262.8424
8.666665453333335,159.3816
180.26662111466663,145.4024
51.99998,464.16826666666657
148.25063707733338,201.3264
25.99999304,285.2112
159.46664452533338,0.0
20.799996824000004,44.73866666666666
218.399940108,33.5544
183.733284432,134.2176
43.33331651666666,229.28773333333328
173.60929381733334,167.772
199.33327997333333,246.0656
3.901332688,111.848
996.7904643106666,659.9032
166.39995436799998,167.772
77.99997978,27.96133333333333
2771.199687085333,440.3997333333333
21.599987792,78.64160000000001
103.99997216,41.9424
10692.930771142,6207.568
129.99996794999998,37.7464
207.9999765133333,41.94
10737.99709661,6587.8512
81.46665422733335,475.35253333333327
3.9013327173333336,25.164
159.46662201600003,167.772
20.799994544,51.3784
503.9996537333333,0.0
130.69464603066666,33.5544
38.133318637333325,69.90266666666669
136.93329630866666,257.2504
10.399998492000002,50.3296
849.599904066,552.2701333333333
2561.224948186667,1026.204533333333
177.59997994600002,296.396
23.407994672,43.16426666666667
64.37199032000001,503.3152
77.99997963,178.9568
36.39999442799999,234.8794666666668
963.629173936,352.3192
152.15196963200003,100.6632
547.7331810213333,771.7504
162.933291096,0.0
1406.4303811506668,3087.005866666667
154.7999367613333,536.8704
44.865326249333336,195.7317333333333
228.227955384,427.8168
100.79994997333333,201.3248
90.13332002133336,0.0
46.8159912,693.456
11.70399824,42.81413333333333
1281.587778372,2097.1504
155.99995956,167.772
164.66662239666667,111.848
51.99997964,159.3824
62.399984232,72.69919999999999
5.199999202,50.32986666666667
83.199977504,335.54240000000004
91.86665256866668,50.3304
58.93332456133333,50.3304
179.461298312,145.4024
18718.26177831933,7650.408
159.46664231733337,100.6632
103.99997184,69.904
124.84263381333332,950.707466666667
183.73328690533333,33.5544
124.799981808,0.0
5069.9992258500015,2091.5584
65.866640548,391.46613333333335
24.266660068,71.12666666666668
29.2599923,128.62346666666664
157.7332903206667,134.2176
31.199991828,50.3296
2582.682220037333,1386.9152
169.86664216666668,55.924
159.46664366666667,212.5112
767.8665529633333,0.0
24.266663166666664,35.47546666666667
436.799937168,402.6528
1168.2664986159998,2315.2536
715.8664720060001,341.1346666666668
21.599987792,37.2224
100.5333055706667,285.2112
103.999972,139.80906666666667
152.15196963200003,268.4352
65.86665655866666,111.84693333333333
29.46666566933333,90.33661538461538
186.0099628742857,419.43
103.99997216,139.80933333333337
40.96398922,197.1304
69.33331986666668,0.0
57.199984688,100.6632
11.703997536,42.988533333333336
20749.72760321467,16944.986666666668
7734.132235681334,2158.6664
72.79998924799999,134.2176
146.29995945000005,0.0
146.2999667,89.4784
157.7333091273333,156.58720000000002
224.3266412133333,413.8376
29.259995600000003,50.3296
124.799952,301.98906666666664
77.99997816,0.0
2148.799712598,1146.4416
11.703996832,21.318933333333334
84.93331046666668,268.4352
25.99998982,55.9216
5394.131889365333,1185.5888
218.47461738666664,1185.5885333333335
413.5412524906666,973.0776
119.599982382,441.79733333333326
86.66664359999999,16.776799999999998
131.73329695466668,0.0
103.99997236,1157.6256
51.99997964,192.9376
68.71427596214285,41.94
2088.666133253333,3523.212
21668.394066192,4138.378133333333
169.86662152133331,0.0
58.51999076,226.4898666666668
70.22398152,18.52293333333333
105.73330490733332,973.0768
11.703997536,153.78986666666668
178.53328403066666,201.3264
50.266652998000005,59.7664
29.25999538,67.1088
154.7999367613333,145.4024
124.84263381333332,721.4184
81.46665491666667,55.924
11.70399692,25.689866666666664
57.199991244,394.2624
9004.665322893334,1207.9584
967.5304702506668,548.0551999999999
97.066641056,0.0
27.733325888000003,70.42693333333332
25.199985757333327,93.14613333333332
161.19995659999998,22.3696
23.407997736,101.8853333333333
150.799978134,33.5544
210.672021024,257.2504
155.99995908,190.1416
25.99999309,76.89333333333332
353.07061357333333,1856.6768
103.999978,1118.478933333333
1156.7451593866667,1353.36
3.9013327466666654,39.4944
10.399998432,19.3976
6056.266023770665,922.7453333333336
11.703998152000002,41.068
523.799609478,0.0
159.9546353973333,1286.250933333333
2324.3994430380003,4362.0744
294.550609186,201.3264
97.06665244266664,0.0
909.99986525,581.6096
22.53333094133333,58.71786666666668
253.0666027186667,178.95573333333337
152.53329332266668,279.62
100.53332266133332,67.1088
181.411979416,290.8048
25.99999601,159.3824
282.84663457333335,33.5544
72.799989892,335.54240000000004
131.73329862666665,156.58720000000002
1.9506663733333327,55.922133333333335
79.9999893,254.4528
214.573293,654.3090666666668
79.73332109733333,72.69946666666667
7.802665493333333,20.445066666666666
13.866664544,117.43866666666668
110.93330402133331,67.108
6021.598408907998,268.4352
4.799999358,111.8464
659.3251598266667,279.62
8911.064229832666,1761.606133333333
102.26664047066666,201.3248
185.4666158773333,402.6528
20851.9945063,4138.3776
415.491918776,984.2624
57.199978,192.936
823.3331129333333,14889.7776
128.26664885733334,0.0
50.26665330733333,167.77146666666667
221.8666082133333,89.4784
12.53999783142857,65.53342857142857
143.86664669133336,0.0
10.399995952,21.143733333333333
84.93332033200002,178.95546666666667
25.19998970533333,59.2432
20.799994872000003,67.1064
77.99997963,0.0
318.93328635200004,0.0
88.399976234,223.696
11.70399824,63.43706666666666
51.9999862,89.4784
254.799935614,243.268
2603.199706055333,371.19413333333335
199.33330565666668,67.1088
27.733326496,66.23360000000001
29.466658824,188.7408
9158.932005288,7471.452266666667
3189.3391607,60.116800000000005
126.79330473333331,1174.4032
3662.997979923333,0.0
31.199991516,16.076266666666665
146.29996699999998,118.83733333333332
3124.799535186,2281.6992
43.33331648333333,100.6632
265.599964476,307.5805333333333
243.83328483333327,0.0
2715.327530432,4619.325066666666
21692.66079296,3512.028
3125.19955526,1733.644
348.399949884,592.7944
124.84264174933334,0.0
20.799996936000003,65.5344
235.73327122666663,0.0
11.703998152000002,29.18266666666668
1131.199848702,1286.250933333333
194.13330615466663,201.3264
126.79330473333331,1056.9632
29.466658835333327,137.01253333333332
180.2666181333333,469.7616
15.599998344,138.41039999999998
2487.99966723,760.5648
5.8519988320000005,49.281866666666666
159.46664452533338,190.1416
77.99996946,1599.4263999999998
29.259993400000003,164.97386666666668
142.13331234133332,301.9896
157.73327199933334,111.848
103.99998452,173.36373333333336
83.199978208,111.84746666666666
216.6666388333333,279.62
676.8812213680001,355.116
26.99998474,87.37946666666666
22.533324632,55.922133333333335
120.71425358571427,599.1851428571429
41.599988928,62.912
21.599987792,34.25173333333333
21505.460942904,7871.309066666667
27.73332247466666,50.8536
362.266569412,0.0
4537.864867228,1778.3832
149.0666265333333,67.1088
331.0665794433333,570.4248
142.39864204133335,324.3584
11.703996832,27.2616
135.19996380799998,167.772
278.399962764,274.02613333333335
25.9999945,100.6616
10.3999978,139.80853333333332
171.59997525,78.29360000000001
108.79998771466668,187.3437333333333
21.599991176,94.01946666666666
173.6093072266667,469.7608
76.07598856,0.0
230.178602868,55.924
29.2599923,120.23546666666664
140.447972064,134.2176
233.99996661,0.0
379.599898092,0.0
131.73328246399998,576.016
27.73332602666667,234.8784
23.407997736,97.5152
11.703997536,32.67973333333333
4.799999358,796.9146666666666
23.407994672,67.2824
3015.9988005600007,167.772
29.25999428,111.848
10.399997236,12.930133333333334
31.199991516,14.6784
