25.99999949,148.19733333333338,2330575
71.06664769733332,0.0,2330614
71.06664769733332,0.0,2330614
77.99997945,123.0328,2330628
97.06664090666668,123.03093333333332,2330628
24.266662952,72.8744,2330628
138.66662933333336,201.3264,2330628
83.87866933266669,478.1488,2330628
56.42998472571429,203.7222857142857,2330628
102.26663929066666,268.4352,2330628
83.19998832000002,0.0,2330628
176.79997450000002,167.772,2330628
159.46660459733334,357.912,2330628
178.5332876013333,167.772,2330628
254.79996276000003,810.8973333333334,2330628
58.5199853,304.784,2330628
25.99999625,385.8738666666666,2330628
149.39994959133338,343.9312,2330628
117.0399824,145.4024,2330628
3359.199520668,788.5282666666667,2330628
38.133333172,121.6336,2330628
24.266660534666663,76.544,2330628
905.109122368,1017.8168,2330628
462.7998754,190.1416,2330628
21512.394208200003,16307.452533333331,2330628
25.99999306,156.5856,2330628
29.26000121,237.6752,2330628
33.161321286,0.0,2330628
83.87864341800001,145.40053333333333,2330628
81.46664485866667,391.4666666666668,2330628
29.25999494,33.552,2330628
841.5998874359998,1027.6032,2330628
280.89595142400003,503.316,2330628
166.39995673599998,190.1416,2330628
323.81057680533337,87.5536,2330628
58.93332576266668,486.5376,2330628
8.666664373333335,67.108,2330628
25.99999312,78.29173333333334,2330628
33.161330126,181.7501333333333,2330628
5.19999863,100.6624,2330628
159.4666235493333,44.7392,2330628
77.99999967,103.45786666666667,2330628
110.93331665066664,173.364,2330628
24.266660534666663,88.07839999999999,2330628
57.19999155200001,0.0,2330628
232.26657581466668,0.0,2330628
55.466647189333344,402.65173333333325,2330628
166.399956416,134.2176,2330628
23.407994704000007,170.56746666666666,2330628
86.66666359999998,156.58720000000002,2330628
191.16528701200005,134.2176,2330628
103.99999728,274.0274666666667,2330628
204.5333050133333,134.2176,2330628
93.599963676,150.99439999999998,2330628
29.2599915,0.0,2330628
91.86664246333332,173.36346666666668,2330628
21271.460997002665,8657.0424,2330628
192.39997188,436.2072,2330628
5.852000213999999,41.9408,2330628
173.33328673333332,704.6424000000001,2330628
24.266663306666665,81.264,2330628
643.1999273719999,154.83733333333336,2330628
81.46664548533333,167.7704,2330628
144.349299688,383.0778666666666,2330628
107.46663773333331,296.3968,2330628
27.309325754666663,56.0968,2330628
187.1999604,771.7496,2330628
26.999983160000006,50.3288,2330628
21013.19450424,15882.429866666667,2330628
294.55058865,192.93546666666668,2330628
24.266660301333328,31.2808,2330628
4059.465747041333,7303.678933333334,2330628
23.407994328,44.03866666666666,2330628
88.39997640400001,150.99439999999998,2330628
175.06662963333332,167.772,2330628
20.799994376,44.213066666666656,2330628
352.7997799573334,447.392,2330628
76.799989728,71.30080000000001,2330628
31.210659104,91.92346666666666,2330628
86.66663283333334,128.62346666666664,2330628
1.9506666453333328,159.38186666666667,2330628
144.34929006800004,184.5488,2330628
93.59998596,246.0656,2330928
142.13331239599998,89.4784,2330928
146.29995355,272.628,2330928
11395.7917697,0.0,2330928
42.914656048000005,170.56773333333336,2330928
136.54663484,567.6271999999999,2330928
724.5332330133333,0.0,2330928
514.799861202,1476.3936,2330928
132.79998024600002,153.79013333333333,2330928
11.70399706,25.6872,2330928
126.79333857666668,1017.816,2330928
2546.265999740667,447.392,2330928
11.70399824,31.98,2330928
29.25999276,58.7176,2330928
79.73332155733334,78.292,2330928
133.46663057933335,67.108,2330928
164.66662290333338,0.0,2330928
25.99999602,204.1208,2330928
152.53329367466662,301.9896,2330928
11.703997975999998,39.49413333333333,2330928
179.4612797893334,268.4352,2330928
169.70795081599996,24.114666666666672,2330928
221.8666197333333,324.3592,2330928
417.599952846,1015.0197333333332,2330928
27.30933434133333,63.08746666666668,2330928
11.70399706,53.30053333333333,2330928
112.66663819666668,352.31973333333326,2330928
11.70399824,29.00853333333333,2330928
21371.9944104,12057.222933333336,2330928
206.2666194633333,111.848,2330928
25.199981212,97.5144,2330928
113.1386454,111.84666666666668,2330928
51.9999924,41.9416,2330928
571.9998459999998,1168.8103999999998,2330928
27.733326058666663,41.9416,2330928
306.2545816773333,76.02080000000001,2330928
181.99992979,288.00746666666674,2330928
21436.127817651337,11184.8096,2330928
31.210658400000003,30.05653333333333,2330928
194.133303616,145.4024,2330928
27.733329162666664,71.30160000000001,2330928
21543.59163114,7739.886933333333,2330928
133.46663068200002,156.58666666666662,2330928
20555.595303836,10446.611466666667,2330928
5.851997873999999,41.94,2330928
11.70399706,125.8264,2330928
25.358662662666674,155.188,2330928
232.12935649866668,167.772,2330928
5.199998668000001,69.90266666666669,2330928
177.510617466,0.0,2330928
11.703997975999998,26.21253333333333,2330928
221.8666381653333,637.5336,2330928
2079.4100640213333,6207.568,2330928
15.599999934,180.3528,2330928
24.266663857333327,41.06773333333333,2330928
21602.528763566665,8075.430933333334,2330928
187.199973,346.7288,2330928
168.13330908333333,55.924,2330928
10.399997216,142.60453333333334,2330928
27.3093261,114.2928,2330928
11.703997975999998,57.32,2330928
62.399983296,55.92373333333333,2330928
11.703998152000002,54.87333333333334,2330928
175.0666406086667,223.696,2330928
263.4665972533333,0.0,2330928
237.466632782,268.4352,2330928
25.99999636,64.31013333333331,2330928
129.99994985,209.7133333333333,2330928
140.399978454,265.63733333333323,2330928
109.199957622,201.3245333333333,2330928
766.1332237173332,134.2176,2330928
83.199987488,83.8848,2330928
183.73328556266665,167.77120000000002,2330928
11.703997104,30.0568,2330928
1868.7383013493336,0.0,2330928
11.703998152000002,67.8064,2330928
140.399952628,360.70826666666665,2330928
3352.2666034893327,648.7184,2330928
433.3333245,1649.7584,2330928
213.19994219,212.5112,2330928
10.3999972,75.4952,2330928
19900.392215882,6308.2312,2330928
3172.799528046,1778.3832,2330928
29.25999494,44.73813333333333,2330928
173.33330833333332,134.2176,2330928
72.17465581333335,0.0,2330928
77.99997972,67.108,2330928
117.86662092533332,167.77120000000002,2330928
20364.925391009336,7672.778133333334,2330928
844.1995310000001,0.0,2330928
1496.1611083466669,0.0,2330928
3799.8977939626666,2583.689333333333,2330928
206.99993015666664,559.24,2330928
11.703997712,71.47573333333334,2330928
185.4666170186666,145.4024,2330928
10.39999846,34.2512,2330928
25.99999343,65.70826666666666,2330928
194.1332815893333,134.2176,2330928
181.411947424,145.4024,2330928
143.86664503133338,411.04,2330928
20990.661871106666,10804.5256,2331228
107.19998789533336,72.69893333333331,2331228
103.99998436,72.69973333333334,2331228
25.99999932,46.1344,2331228
21.599992712,72.34986666666668,2331228
218.4746642773333,1465.2088,2331228
181.99995149000003,268.4352,2331228
20066.79540779,8276.757866666667,2331228
2118.399716664,2578.0978666666665,2331228
128.2666171853333,232.0829333333333,2331228
21092.925131427342,12773.050666666664,2331228
29.46665869933333,123.03093333333332,2331228
146.2999747,1224.7351999999998,2331228
183.73330527866668,89.4784,2331228
355.3332409466667,1297.4362666666666,2331228
21382.394498144,15407.074133333334,2331228
987.9997321,603.9792,2331228
98.799996504,145.40079999999998,2331228
195.0666523333333,178.9568,2331228
21325.19696526,15748.2112,2331228
35.99997316000001,195.73146666666668,2331228
38.133323022666666,67.1064,2331228
1017.466392342,1476.3936,2331228
1833.6261810000003,391.468,2331228
29.25999338,0.0,2331228
317.199930948,2527.7656,2331228
10.399998796,109.0504,2331228
5742.761347754666,2429.898933333333,2331228
25.99999319,109.0488,2331228
21.599992712,69.20373333333333,2331228
233.99996724,89.4784,2331228
187.19995104,78.29360000000001,2331228
19943.725532265333,10491.350133333332,2331228
77.99998826999997,44.73626666666667,2331228
83.199987712,106.2544,2331228
11.703998152000002,30.5816,2331228
29.46666566933333,90.33661538461538,2331228
159.95462227733333,408.24346666666673,2331228
29.25999276,58.7176,2331228
105.599984292,447.3912,2331228
211.46663543466664,257.2504,2331228
164.66662290333338,156.58720000000002,2331228
14.399998074,156.58506666666668,2331228
21165.727634866667,13623.097333333337,2331228
97.06664213866664,117.4392,2331228
3874.023388312,2538.9496,2331228
29.466658835333327,262.8416,2331228
25.99999949,67.1064,2331228
27.733329162666664,197.1304,2331228
113.13864965333336,285.21146666666675,2331228
349.16928082666664,1263.8824,2331228
53.733325252666674,771.7496,2331228
31.210658400000003,65.88346666666666,2331228
3343.599522894,861.2288000000001,2331228
579.3478867440001,1308.6216000000002,2331228
740.1331656646666,447.392,2331228
199.33330542666667,268.4352,2331228
152.99994837666662,313.17306666666667,2331228
181.99997291,78.29360000000001,2331228
159.46662404,111.848,2331228
204.53328652666667,123.0328,2331228
121.5999862693333,164.97466666666662,2331228
60.6666578,184.548,2331228
10.39999726,130.0224,2331228
103.99998436,83.8848,2331228
81.46663480066668,181.7514666666667,2331228
11.70399824,27.6112,2331228
29.25999276,0.0,2331228
171.59997525,33.5544,2331228
1091.99983578,181.75226666666663,2331228
72.79998977999998,0.0,2331228
23.40799828,41.9416,2331228
20.799996816,62.21466666666666,2331228
6.933331477333334,276.8224,2331228
90.13330896266667,397.05893333333336,2331228
27.733330122666665,46.135466666666666,2331228
51.99998624,260.0448,2331228
71.06664769733332,0.0,2331514
305.5999654926667,462.7698666666666,2331528
623.99992776,285.2112,2331528
11.703995748,25.16293333333333,2331528
324.799956558,380.2816,2331528
20048.38866894133,6039.796,2331528
300.4026633813333,2002.0797333333333,2331528
19.06666157733333,260.044,2331528
21.599992712,70.42773333333334,2331528
11.703997975999998,19.221333333333327,2331528
181.99995079,145.4024,2331528
294.5506775386666,357.9136,2331528
175.06661953333332,134.2176,2331528
105.73330486666666,425.0224,2331528
2332.799736588,0.0,2331528
79.9999881,268.43440000000004,2331528
77.99997900000001,369.0976,2331528
164.66662328333337,268.4352,2331528
51.99998624,234.8808,2331528
10.399997248,50.3288,2331528
11.70399824,36.1736,2331528
7.802663831999999,78.29173333333334,2331528
237.981262004,559.2384000000001,2331528
214.93330233333333,178.9568,2331528
58.93332428933334,100.6624,2331528
188.93330681,156.58720000000002,2331528
1794.6129825066666,0.0,2331528
438.53321526666673,279.62,2331528
27.3093261,85.2824,2331528
25.99999635,13.978666666666664,2331528
53.73331911466665,209.7130666666667,2331528
232.26657581466668,156.58720000000002,2331528
208.7999295493333,715.8272,2331528
20423.863532388663,8701.780266666667,2331528
155.99995908,123.0328,2331528
97.0666520693333,134.216,2331528
11.703998152000002,47.0088,2331528
133.466647622,89.4784,2331528
15.605330869333336,160.78026666666662,2331528
109.199972028,150.99386666666666,2331528
3.901332368,13.979466666666667,2331528
29.26000029,19.570933333333333,2331528
3398.061672442668,2270.5152000000003,2331528
3.466665733333333,16.776799999999998,2331528
23.99999679,117.4392,2331528
66.32265519733333,374.6898666666666,2331528
152.53329209066666,218.1021333333333,2331528
3.4666661346666667,216.70453333333333,2331528
25.99999699,0.0,2331528
117.03998064,78.29360000000001,2331528
21496.794245472,10133.4368,2331528
198.96797742400005,369.0984,2331528
71.06665682666666,0.0,2331528
187.199950248,134.2176,2331528
1403.1998123219998,201.3248,2331528
226.2773076586666,637.5336,2331528
25.99999319,46.1344,2331528
19.066663748,0.0,2331528
11.703997975999998,39.84293333333333,2331528
20311.19699238,7583.299466666667,2331528
20.799994552,63.437866666666686,2331528
204.5333050133333,33.5544,2331528
717.59990064,0.0,2331528
58.51998376,0.0,2331528
183.362668484,732.6034666666667,2331528
405.599892672,536.8704,2331528
166.39997670399998,44.7392,2331528
212.6226267,553.6464,2331528
265.19996225999995,581.6096,2331528
5.199998624,5.592266666666666,2331528
44.86532223200001,53.12613333333333,2331528
12.133330089999998,9.7848,2331528
185.46661816,156.58720000000002,2331528
20.799994456,41.068,2331528
149.06664424933334,173.36346666666668,2331528
11.703997095999998,35.99946666666667,2331528
1.7333328746666663,0.0,2331528
183.73330704533333,89.4784,2331528
51.99999202,0.0,2331528
24.266663306666665,88.07839999999999,2331528
24.266663017333325,72.87519999999999,2331528
23.99999729,92.2728,2331528
168.1332880666666,156.58720000000002,2331528
115.08929899533332,385.8744,2331528
5.199999901999999,117.43973333333336,2331528
128.2666171853333,237.67466666666664,2331528
8188.799075348001,13958.6424,2331528
11.704000428,84.408,2331528
1.9506663733333327,0.0,2331528
95.33331940000002,0.0,2331814
77.99999853,0.0,2331814
155.99996004000005,497.7226666666667,2331828
128.74397118000002,279.61920000000003,2331828
194.1332815893333,201.3264,2331828
27.733325866666664,45.436800000000005,2331828
31.21066437333333,42.9896,2331828
257.5999709126666,360.70826666666665,2331828
39.86666562400001,117.4392,2331828
20408.258707442663,19483.9384,2331828
185.71423735714288,0.0,2331828
1822.4796437257144,0.0,2331828
29.26000107,44.7392,2331828
51.99998624,176.1592,2331828
214.399971324,486.5376,2331828
169.86664066400004,167.772,2331828
377.99978636,301.9896,2331828
25.99999608000001,25.164,2331828
14835.594196998,10373.910666666668,2331828
72.17465581333335,0.0,2331828
124.84264695466668,33.5544,2331828
187.199926992,44.7392,2331828
169.70797320399998,771.7504,2331828
413.9997417866666,335.544,2331828
209.73325129533333,0.0,2331828
21635.462089933328,7963.5824,2331828
21514.127557616,8321.497066666667,2331828
71.06664769733332,0.0,2331828
133.46661517933336,377.4848,2331828
2291.199741285333,2002.0792,2331828
23.407993504,32.328266666666664,2331828
3.9013326586666666,63.96213333333332,2331828
62.42131878400001,301.98906666666664,2331828
2673.599642406,665.4941333333333,2331828
181.9999615,693.4568,2331828
95.58263814866667,195.7328,2331828
23.408000864,52.4264,2331828
2534.132669585333,167.772,2331828
38.13332759866668,156.58693333333332,2331828
45.06666581733332,134.2176,2331828
188.93326001266664,167.772,2331828
181.99992979,229.28613333333328,2331828
20515.727825648,15077.123733333332,2331828
1397.0664635546664,1023.408,2331828
240.933298954,145.4024,2331828
183.73330570266663,134.21679999999998,2331828
180.26663983466668,257.2504,2331828
3357.466603391333,335.544,2331828
25.99999609,37.7456,2331828
209.73327767333333,525.6856,2331828
334.2856272428572,455.3811428571429,2331828
345.26790855,109.924,2331828
162.93329003066663,123.0328,2331828
15.605329802666668,206.9165333333333,2331828
77.99998848,33.55386666666667,2331828
2777.3982677253334,0.0,2331828
6891.704666774001,850.0448,2331828
32.399989068000004,37.3976,2331828
20461.99705662,8679.411466666666,2331828
21839.994380400003,5972.6872,2331828
95.58265013733336,128.62426666666664,2331828
62.399984232,159.38133333333337,2331828
31.210658400000003,74.09786666666669,2331828
198.967951788,190.1416,2331828
178.5332876013333,134.2176,2331828
109.23733441599998,822.0816,2331828
19.066661540666665,164.97413333333333,2331828
9759.5929514,0.0,2331828
84.93333111200002,72.69893333333331,2331828
125.99995748666666,349.52373333333327,2331828
28.799990282666663,72.7,2331828
24.26666580799999,60.2912,2331828
29.25999717,160.77973333333335,2331828
21678.79428847,8903.107733333332,2331828
4.799999358,117.4392,2331828
161.19993744200002,201.3264,2331828
244.39996428000003,1224.7343999999998,2331828
183.599912688,447.392,2331828
27.73332928,47.53386666666667,2331828
226.277265512,447.39093333333335,2331828
44.86532223200001,67.1088,2331828
161.199957034,134.2176,2331828
1527.37177032,0.0,2331828
50.266665352,184.54746666666668,2331828
25.199991497333325,68.68,2331828
20966.39185536,12146.701866666666,2331828
553.9892500266667,517.2952,2331828
29.26000029,8.3872,2331828
189.21465276333333,0.0,2331828
102.26663901533333,366.3008,2331828
13.654664510666668,176.1592,2331828
25.99999312,128.62426666666664,2331828
20453.32865266667,7449.081599999999,2331828
77.99999853,0.0,2332114
138.6666453866667,290.8032,2332128
22.53332987533333,45.436,2332128
126.39998572733332,229.28586666666672,2332128
20009.592173168,8030.692266666668,2332128
185.46661709,55.924,2332128
43.3333322,117.43893333333332,2332128
187.263944128,279.62,2332128
11.70399824,32.154133333333334,2332128
180.2666391413334,33.5544,2332128
158.003955882,654.3104000000001,2332128
3.901331916,67.10719999999999,2332128
29.2599915,32.15306666666667,2332128
166.399975424,0.0,2332128
21522.794197122,9596.565866666668,2332128
185.4666172326667,134.2176,2332128
13.654662699999998,146.8,2332128
93.631983808,106.25466666666668,2332128
11.703997352000004,141.2064,2332128
72.17465023866667,257.2504,2332128
93.631972064,156.5856,2332128
13.866662965333337,117.4392,2332128
210.67194160800005,100.6632,2332128
647.6211764080001,19.9208,2332128
169.86660054933338,385.8744,2332128
21309.594516876,10178.177066666669,2332128
171.59999663399998,89.4784,2332128
128.26663213333333,0.0,2332128
179.19997976533332,654.3104000000001,2332128
1566.399823127333,526.2194666666667,2332128
1863.99975069,2466.249333333333,2332128
32.93332447933333,212.50826666666663,2332128
25.199991497333325,64.65973333333332,2332128
171.59995426199998,167.772,2332128
142.39862539733338,257.2490666666667,2332128
171.6586369813333,1828.7141333333327,2332128
556.1995853220001,0.0,2332128
64.371982026,220.8970666666667,2332128
149.06662676266666,33.5544,2332128
83.199977504,190.14,2332128
84.93330017666669,134.216,2332128
212.62260504533333,2281.6992,2332128
161.19995659999998,234.8808,2332128
213.19994342,346.7288,2332128
181.99995170000005,156.58720000000002,2332128
175.0666406086667,134.2176,2332128
14844.260860274668,5172.973066666666,2332128
29.26000108,60.81493333333333,2332128
23.99999679,106.25413333333331,2332128
197.017335286,950.7069333333332,2332128
848.5399907200001,682.2728000000001,2332128
31.210658016000004,60.292,2332128
77.99998839,117.43973333333336,2332128
156.05328810666668,14.679200000000002,2332128
9923.3928331,0.0,2332128
166.399996736,234.8808,2332128
3189.3390473400004,55.922133333333335,2332128
31.210658400000003,81.2632,2332128
135.19997972,341.1354666666668,2332128
103.99999728,195.7336,2332128
66.322648148,285.2109333333333,2332128
140.399962578,0.0,2332128
71.06664756066665,167.77120000000002,2332128
5.199998686,53.125333333333344,2332128
71.06664764266665,83.88560000000001,2332128
24.26666013333333,49.6304,2332128
12.133328610666664,138.4112,2332128
112.66665046,178.9568,2332128
55.46665954133334,285.21173333333326,2332128
811.7997260926668,0.0,2332128
29.259991260000003,12.5808,2332128
148.25063768533334,385.8746666666668,2332128
58.933312638666656,542.4610666666667,2332128
185.71423735714288,0.0,2332128
169.86664484533335,78.29360000000001,2332128
83.19997836799999,83.884,2332128
212.39992833466667,268.4336,2332128
155.99996004000005,123.0328,2332128
19961.988717773333,4876.5768,2332128
38.13332783333333,307.58,2332128
2155.486041973333,6817.140533333332,2332128
25.99999949,67.1064,2332128
210.672021024,346.7288,2332128
51.9999862,167.772,2332428
31.21065800533333,54.0,2332428
11.703996832,22.54293333333333,2332428
678.8317965360002,385.8736,2332428
44.8653203,291.5032,2332428
79.73331198933333,206.91786666666667,2332428
189.214668542,727.0111999999999,2332428
11.703997975999998,46.83413333333333,2332428
95.582670162,334.1442666666667,2332428
7.802666989333334,17.9984,2332428
178.53330758333337,33.5544,2332428
1081.5997083840002,1454.024,2332428
25.9999962,212.51013333333333,2332428
71.06663927866666,0.0,2332428
77.99998839,324.35733333333326,2332428
48.53332603466665,838.8575999999999,2332428
126.5332845206667,190.1397333333333,2332428
204.799972608,397.0594666666667,2332428
19401.197022662003,8433.345066666667,2332428
223.59993937,134.2176,2332428
95.58265013733336,411.04,2332428
230.53324315933327,111.848,2332428
57.59996744533333,45.78586666666667,2332428
20396.12788129,11699.309066666665,2332428
29.26000029,24.464,2332428
242.6666312,0.0,2332428
22.533330083333336,87.5536,2332428
2753.99828232,0.0,2332428
175.06663986799995,33.5544,2332428
11.70399824,18.698400000000003,2332428
27.733327296,225.09146666666663,2332428
23.408000864,63.96186666666668,2332428
117.03996508,427.8176,2332428
7.8026647066666674,26.561866666666663,2332428
51.99998624,0.0,2332428
43.33332191666666,721.4176,2332428
83.87866933266669,595.5888,2332428
11.703997975999998,37.572,2332428
11.704000428,17.9984,2332428
222.375974768,313.17440000000005,2332428
25.99999319,22.36666666666667,2332428
11.703998152000002,16.250133333333334,2332428
175.55998007999997,78.29360000000001,2332428
204.53327865999995,67.1088,2332428
21.599992712,83.0112,2332428
21451.727516613337,8903.107733333332,2332428
25.99999622,0.0,2332428
25.99999636,53.12506666666666,2332428
6.933331498666665,0.0,2332428
183.7332841493333,178.9568,2332428
247.7346484633333,246.0656,2332428
20.799996808,45.26133333333334,2332428
161.19995659999998,234.8808,2332428
206.99993015666664,229.28693333333328,2332428
191.16527629733332,357.9136,2332428
77.99997945,145.4024,2332428
7.802666951999999,13.630133333333331,2332428
428.1332180666668,268.4352,2332428
11.703998152000002,19.745066666666663,2332428
698.5331503713334,352.32,2332428
23.407994328,48.75653333333333,2332428
2440.799209,0.0,2332428
11.704000428,55.04826666666667,2332428
199.33330573333333,234.8808,2332428
21077.33291989333,12666.7968,2332428
288.6986232533334,559.2384000000001,2332428
885.6025334933332,2136.2968,2332428
79.73331232666669,128.624,2332428
159.46664336,167.772,2332428
29.466655208666666,117.4404,2332428
161.19995659999998,111.848,2332428
25.99999615,134.216,2332428
103.99997176,72.70026666666666,2332428
291.19992171199993,123.0328,2332428
27.73332949333333,79.6904,2332428
7.802665317333333,32.504,2332428
51.9999924,33.5544,2332428
77.99998826999997,32.154133333333334,2332428
741.8664986053333,671.088,2332428
185.59997904266663,587.2016,2332428
131.39990203400006,201.3248,2332428
212.62268788533336,201.3264,2332428
17.333328893333338,114.64293333333332,2332428
216.66660983333333,100.6632,2332428
11.704000484000002,30.9312,2332428
189.21468554933327,167.772,2332428
181.99995142,167.772,2332428
258.26656634000005,715.8272,2332428
27.3093261,78.64106666666667,2332428
11.703996832,36.17253333333333,2332428
21614.66157059333,12907.269333333335,2332428
25.9999931,86.68106666666668,2332428
20.7999944,44.7376,2332428
424.6665523333333,1280.6581333333331,2332428
10.399997448,29.8808,2332428
11.70399824,17.474400000000003,2332428
71.06664769733332,0.0,2332714
211.466634296,1291.8437333333334,2332728
13951.792305840669,0.0,2332728
9.753330500000002,148.19733333333338,2332728
20.799997120000004,86.5056,2332728
66.32265519733333,324.35813333333334,2332728
284.26662621333327,905.9688,2332728
161.19995641399998,44.7392,2332728
232.12926899400003,883.5992,2332728
457.59994832933336,360.70853333333326,2332728
103.99997352,1056.9624,2332728
22.53332731866667,100.66106666666668,2332728
60.47064978199999,223.69413333333333,2332728
77.99996949,170.5672,2332728
346.6666172,0.0,2332728
77.99997918000003,134.21653333333333,2332728
27.733329077333327,36.524,2332728
1472.7531118666666,0.0,2332728
181.41201810400003,55.924,2332728
3.901332353333333,69.20453333333334,2332728
36.39999461,145.40106666666668,2332728
207.99997328,100.6632,2332728
25.99999343,109.0504,2332728
233.99996418,566.228,2332728
25.199991497333325,73.5736,2332728
27.733329162666664,63.96106666666666,2332728
33.161330126,180.3544,2332728
97.06666323199995,0.0,2332728
72.17465255733333,267.0354666666667,2332728
21585.194910874,11699.309866666666,2332728
21621.591567576,13779.685066666663,2332728
3.901333476,37.921866666666666,2332728
21051.327665666668,9686.044266666668,2332728
31.210658400000003,80.3896,2332728
32.93332447933333,218.1032,2332728
20.799997,83.70933333333332,2332728
103.99997216,134.2176,2332728
23.99999679,62.912,2332728
17.333330680000003,0.0,2332728
628.114605916,514.5008,2332728
60.470649906000006,139.80933333333337,2332728
37.06265747066666,178.9565333333333,2332728
693.3331823999998,2510.9888,2332728
991.9998879866664,178.256,2332728
64.13330839533334,198.5288,2332728
755.7333135680001,1481.9848,2332728
202.79997192,246.0656,2332728
3878.99710799,0.0,2332728
334.5332846973333,44.7392,2332728
110.93330397866664,799.712,2332728
185.46659433466667,167.772,2332728
170.683332925,125.827,2332728
6.933332530666666,58.7176,2332728
25.9999931,162.17839999999998,2332728
3.9013327466666654,44.5624,2332728
48.599972532,55.22293333333333,2332728
25.99999602,0.0,2332728
25.99999949,78.29173333333334,2332728
5.199999398,13.98,2332728
228.799910504,89.4784,2332728
42.9146586,620.7554666666666,2332728
7.802665376,0.0,2332728
25.99999602,103.45786666666667,2332728
90.13331055733332,117.4392,2332728
5.19999863,100.6616,2332728
29.46665874466667,144.00293333333332,2332728
51.99998624,257.2488,2332728
12.133331559999998,50.33066666666666,2332728
41.599998912,229.28693333333328,2332728
36.399990284,190.1408,2332728
39.013323680000006,125.82773333333336,2332728
8.666664373333335,33.5536,2332728
12.133331634666664,182.45,2332728
39.01332658666667,33.552800000000005,2332728
304.30397056800007,603.9792,2332728
62.39998679999999,204.1208,2332728
102.26663988066666,486.5376,2332728
25.199991497333325,75.67066666666669,2332728
176.799973004,0.0,2332728
27.733326058666663,49.98026666666667,2332728
143.86663136400003,436.2056,2332728
3.9013326586666666,74.62213333333332,2332728
185.4666630286666,145.4024,2332728
202.79994579,246.0656,2332728
38.133323022666666,60.11573333333333,2332728
133.4666475706667,67.10746666666665,2332728
20524.394489988,18701.0024,2332728
22.533324571333345,251.656,2332728
95.33331940000002,0.0,2332728
24.266660198666663,76.71973333333334,2332728
204.81994456,749.3805333333333,2333028
291.19992171199993,156.58720000000002,2333028
2542.799333982,268.4352,2333028
70.22398944000001,0.0,2333028
5.1999986,111.84666666666668,2333028
129.599903376,288.00746666666674,2333028
95.33331940000002,0.0,2333028
230.53324315933327,0.0,2333028
165.80661719666668,167.772,2333028
167.99998103,710.2333333333335,2333028
24.266660301333328,29.8808,2333028
83.19997772800001,100.6616,2333028
21562.660894506665,10379.501866666667,2333028
25.99999602,88.07839999999999,2333028
209.7333030833333,178.9568,2333028
157.733310826,380.2832,2333028
43.33332776666666,206.9176,2333028
77.99997945,335.54346666666675,2333028
58.51998636,475.3528,2333028
77.99998905000002,0.0,2333028
118.399984164,293.6,2333028
261.73329608666666,458.5768,2333028
58.51999076,242.6694285714285,2333028
310.26658528133333,0.0,2333028
28.799990282666663,77.24293333333333,2333028
71.99999036999998,85.28213333333332,2333028
202.79997192,156.58720000000002,2333028
27.733330122666665,50.15466666666666,2333028
193.116001914,581.6093333333334,2333028
20.799994544,156.58613333333332,2333028
77.99997957,83.88560000000001,2333028
47.99999358,212.50986666666668,2333028
1537.1249382826666,894.784,2333028
12.133331634666664,182.45,2333028
187.199950968,0.0,2333028
24.266663017333325,55.04773333333333,2333028
5.199999298,16.776799999999998,2333028
154.26660674,67.1088,2333028
13.65466357733333,190.14026666666663,2333028
71.06665614333333,436.20613333333336,2333028
2641.599630176,1269.4736,2333028
9.7533315,176.1592,2333028
1.599999762,125.828,2333028
21600.79692604,7985.952266666667,2333028
228.599891288,648.7184,2333028
5853.598024952,0.0,2333028
239.199935508,33.5544,2333028
175.55994911999997,78.29360000000001,2333028
27.73332933333333,81.43653333333334,2333028
23.4079938,115.8656,2333028
791.9996233600001,536.8704,2333028
239.199965592,889.1912,2333028
51.99997982,167.7704,2333028
31.19999544,50.33013333333333,2333028
83.1999776,212.51013333333333,2333028
51.99999864,162.17839999999998,2333028
27.3093261,85.63146666666665,2333028
26.99998474,88.6032,2333028
292.5999225,313.172,2333028
28.799990282666663,83.53413333333332,2333028
25.99999312,0.0,2333028
51.99999232,223.696,2333028
24.266662942666663,43.86213333333333,2333028
155.99995908,78.29360000000001,2333028
13346.992639376664,0.0,2333028
58.519982520000006,44.7392,2333028
29.25999538,20.97028571428572,2333028
710.6664805266668,542.4616,2333028
235.73330033066665,0.0,2333028
1024.39972223,939.5232,2333028
107.28664811333334,366.3005333333333,2333028
327.599952372,357.9136,2333028
706.1411586080002,1330.9912,2333028
29.259993450000003,44.7392,2333028
166.39995577599996,111.848,2333028
221.399925298,704.6424000000001,2333028
27.733332352,62.38773333333332,2333028
613.599909376,637.5336,2333028
27.733329205333327,251.6578666666668,2333028
191.16530458666668,447.3914666666668,2333028
25.99999622,111.848,2333028
20590.261962582663,9395.24,2333028
743.2038199140001,20.969333333333328,2333028
12.133331559999998,83.884,2333028
155.99995805999995,447.39066666666673,2333328
29.26000093,11.184,2333328
628.114605916,570.4248,2333328
7.802665493333333,16.4256,2333328
5.852000213999999,86.68106666666668,2333328
20.799995472,373.2912,2333328
61.19996541066666,46.31013333333333,2333328
303.3333598166667,671.088,2333328
25.99999313,0.0,2333328
24.266663166666664,77.94213333333332,2333328
126.79330378,574.6175999999999,2333328
3189.3390473400004,57.32106666666666,2333328
17731.99538286,2492.612571428572,2333328
131.733297816,145.40133333333338,2333328
25.199981212,35.6496,2333328
7.802665434666668,20.095466666666667,2333328
20408.263731016003,16441.6704,2333328
109.23733785066666,1398.1,2333328
27.73332596266665,73.39760000000001,2333328
11.703997975999998,35.64986666666667,2333328
64.13330839533334,299.19066666666674,2333328
77.99996967000001,0.0,2333328
10.399998412000002,111.84693333333333,2333328
25.9999962,21.668,2333328
115.08930757,268.43440000000004,2333328
202.799948052,78.29360000000001,2333328
27.3093261,65.18533333333335,2333328
171.59997465599997,525.6856,2333328
35.11199025599999,51.9016,2333328
105.73330486666666,156.5864,2333328
25.99999306,100.6624,2333328
10.399997236,89.47706666666669,2333328
620.5332614946666,265.63840000000005,2333328
58.51998376,44.7392,2333328
155.99995800000002,100.6632,2333328
5843.064614851334,14629.730133333333,2333328
118.99064877333336,234.88,2333328
23.399992104666666,68.6808,2333328
21.599992712,78.816,2333328
72.79998051199999,55.92373333333333,2333328
24.266660198666663,43.86373333333333,2333328
23.99999729,65.70826666666666,2333328
15.599996058,81.08773333333333,2333328
21.599987792,85.8072,2333328
178.53328533533332,369.0984,2333328
29.259995600000003,19.5728,2333328
386.23199142,760.5664,2333328
20.7999944,41.94133333333333,2333328
77.99998826999997,0.0,2333328
10.399998796,0.0,2333328
95.33331940000002,0.0,2333328
733.1998339019998,626.3488000000001,2333328
71.06664769733332,0.0,2333328
11.704000428,61.51546666666668,2333328
20.799996816,74.79706666666668,2333328
11.704000428,41.9416,2333328
29.25999318,16.776799999999998,2333328
27.309325764,61.34,2333328
10.399997248,53.12506666666666,2333328
25.99999319,29.3568,2333328
11.703997712,35.99946666666667,2333328
228.79994764000003,212.5112,2333328
156.05329200000003,11.1848,2333328
24.266660198666663,40.544,2333328
113.13863824666667,200.6256,2333328
26.99997987,197.1296,2333328
11389.731694964,9193.913333333334,2333328
21098.125129405336,10200.546666666663,2333328
11.703997352000004,21.843466666666668,2333328
51.9999862,167.772,2333328
173.60928153533337,279.62,2333328
7.802665434666668,37.92133333333334,2333328
172.799980488,581.6090666666668,2333328
161.19995641399998,55.924,2333328
116.79998681133335,50.3288,2333328
17985.587010400002,7941.214666666668,2333328
202.799945868,134.2176,2333328
11.70399824,34.60106666666667,2333328
76.07598684400001,381.68,2333328
58.93332576266668,441.7992,2333328
20.799994456,74.0976,2333328
181.99999643,134.2176,2333328
41.599993744,5.592266666666666,2333328
77.99999796,30.756,2333328
199.99997325,581.6085333333333,2333328
249.59994288,44.7392,2333328
2636.3996309040003,1370.1365333333335,2333328
27.733332608,234.88,2333328
214.57327386,156.58720000000002,2333328
5.8519983,123.03173333333336,2333328
24.266666190666665,219.4997333333333,2333575
6.933331498666665,0.0,2333628
292.79996083799995,411.0397333333333,2333628
31.210658400000003,83.5352,2333628
103.99997336,150.9936,2333628
181.99995338,257.2504,2333628
3.901332365333333,70.60186666666668,2333628
455.866543758,905.9688,2333628
164.66660263666668,257.2504,2333628
1531.272981653333,1522.530133333333,2333628
788.3996250719999,268.4352,2333628
239.9999679,559.2392,2333628
195.06661386666667,850.0437333333333,2333628
7.802664736,43.68826666666667,2333628
7.8026647066666674,70.07813333333331,2333628
4411.332323816667,3623.875733333333,2333628
21.599983896000005,59.242933333333326,2333628
43.33332238333333,314.57120000000003,2333628
25.99999949,61.514666666666656,2333628
38.133332336,234.87920000000005,2333628
16838.987838499997,7381.973599999999,2333628
819.2798090399998,682.2728000000001,2333628
56.56932482666667,211.11120000000005,2333628
55.46664509866667,167.77173333333337,2333628
208.799900704,246.0656,2333628
144.34929149866667,251.656,2333628
579.3478566480001,1509.948,2333628
53.73331911466665,192.936,2333628
150.47997058285716,656.1062857142857,2333628
150.79996079199998,2348.808,2333628
127.99998288,369.4466666666668,2333628
23.399986774666672,82.31173333333334,2333628
7.802665434666668,35.6496,2333628
422.933324712,2097.1504,2333628
20890.12521832,10066.327733333332,2333628
247.86663234666668,145.4024,2333628
183.36268496533336,156.58720000000002,2333628
21.599992712,68.32986666666669,2333628
29.259991260000003,36.34826666666667,2333628
77.99998839,134.21679999999998,2333628
263.46662917333333,749.3815999999999,2333628
29.2599915,44.7392,2333628
7.8026647066666674,58.54426666666668,2333628
159.46660459733334,301.9888,2333628
624.2132729600003,402.6528,2333628
175.55995134,178.9568,2333628
709.1994712520001,0.0,2333628
500.9332753406667,1096.1103999999998,2333628
244.39996428000003,0.0,2333628
51.99998624,33.5544,2333628
5.1999986080000005,64.31093333333332,2333628
25.99999908,58.7176,2333628
25.99999635,18.872,2333628
3.9013327466666654,32.504,2333628
19.06666157733333,114.6424,2333628
638.399927914,914.3562666666668,2333628
208.721275482,22.3696,2333628
187.263954624,134.2176,2333628
27.73332606933333,44.0392,2333628
215.99997561,64.31013333333331,2333628
708.091824792,760.5664,2333628
47.99999358,162.17893333333333,2333628
156.59994716199998,313.17440000000005,2333628
91.86663101533333,117.4392,2333628
29.26000029,23.4168,2333628
218.399966568,1230.3272,2333628
83.19997772800001,134.216,2333628
163.85598796,190.1416,2333628
1445.443608752,2622.836,2333628
24.266662952,72.00026666666666,2333628
77.99997945,0.0,2333628
77.99999967,46.1344,2333628
107.99991948,75.4952,2333628
10.3999972,0.0,2333628
353.0705793040001,648.7184,2333628
25.9999962,19.571466666666662,2333628
121.21997721428568,149.79542857142857,2333628
31.199993208,234.8784,2333628
25.99999343,64.31013333333331,2333628
25.99999622,11.1848,2333628
213.19997048,223.696,2333628
20.799994408,138.41039999999998,2333628
227.0666374973333,234.8808,2333628
58.51999120000001,0.0,2333628
71.06664756066665,0.0,2333628
1628.9994503633332,671.088,2333628
29.259993450000003,100.6632,2333628
79.73331177466665,285.21146666666675,2333928
65.86664938933332,77.59360000000001,2333928
175.0666406086667,201.3264,2333928
29.25999274,0.0,2333928
57.19999164000001,209.7128,2333928
25.99999306,67.1064,2333928
88.399976098,265.63733333333323,2333928
123.19998608866668,206.9184,2333928
27.3093261,88.25333333333332,2333928
10.399997448,25.16346666666667,2333928
185.46663927466668,123.0328,2333928
356.97199207,760.5664,2333928
11.704000428,57.49493333333333,2333928
155.99995805999995,100.6632,2333928
71.06665576066666,2169.8512,2333928
21.599987792,93.8456,2333928
25.99999932,83.884,2333928
135.19996360000002,0.0,2333928
187.263954624,0.0,2333928
21469.058392818664,10826.895466666669,2333928
5.851997873999999,0.0,2333928
149.0666268773333,11.1848,2333928
21408.394491454,14232.670666666663,2333928
162.93331052266666,78.29360000000001,2333928
247.734598002,771.7511999999999,2333928
5.199999901999999,11.184,2333928
386.99975862666673,559.24,2333928
5.19999924,142.604,2333928
485.3332028533334,732.6029333333332,2333928
3035.065972103333,2415.9168,2333928
21640.660898596667,12907.2696,2333928
162.9332964226666,111.848,2333928
1246.2664030333333,2818.5696000000003,2333928
135.19996354800006,106.25413333333331,2333928
1476.6544446133337,0.0,2333928
190.6666263333333,167.772,2333928
29.466662246666665,204.12213333333327,2333928
1079.99985555,285.21226666666666,2333928
74.12531646133333,89.4784,2333928
58.51998366,142.6056,2333928
20.799994744,69.72773333333333,2333928
58.51998636,148.19813333333337,2333928
35.111996604,170.56666666666663,2333928
171.59997525,234.8808,2333928
11.70399824,26.213333333333328,2333928
146.29996455,145.4024,2333928
6.399999048,11.184533333333333,2333928
28.799990282666663,81.0872,2333928
7.802666951999999,13.105866666666667,2333928
187.19995032000003,100.6632,2333928
25.99999622,55.924,2333928
251.635949948,268.4352,2333928
183.73326203066665,145.4024,2333928
3.9013326586666666,43.688,2333928
213.199972612,268.4352,2333928
135.19997972,425.0218666666666,2333928
205.199902416,0.0,2333928
138.6666303466667,190.1416,2333928
3.9013325706666655,20.969333333333328,2333928
25.99999601,25.164,2333928
28.799990282666663,35.300533333333334,2333928
27.73332600533333,43.164,2333928
129.9999814,229.28773333333328,2333928
176.79995280800003,234.8808,2333928
234.08002336,167.772,2333928
15.605329109333333,25.16373333333333,2333928
29.25999265,0.0,2333928
29.25999494,67.10719999999999,2333928
177.51064652533333,190.1416,2333928
4.799999358,92.2728,2333928
210.672021024,33.5544,2333928
296.5013442773333,0.0,2333928
3.1999996386666667,13.98,2333928
276.99461876533337,570.4248,2333928
56.56932482666667,233.48026666666664,2333928
305.0665873493333,1124.0717333333334,2333928
25.99999307,69.90266666666669,2333928
31.21065800533333,95.9424,2333928
282.84663457333335,145.4024,2333928
29.25999494,184.54853333333327,2333928
64.37199032000001,178.95626666666664,2333928
827.0826576213333,581.6096,2333928
77.99999853,0.0,2334214
95.33331940000002,0.0,2334214
228.7999516,514.5008,2334228
110.93330427733332,402.6512,2334228
58.52000186,195.73306666666667,2334228
31.21065800533333,44.73706666666666,2334228
140.447959296,369.0968,2334228
251.19997163533336,671.0866666666665,2334228
62.421314688,167.772,2334228
207.9999444,100.6632,2334228
7.802665141333332,50.678933333333326,2334228
52.66799208000001,40.3688,2334228
5.199998686,39.496,2334228
143.86664608266668,218.1032,2334228
159.46664268533334,822.0816,2334228
3.199999524,86.68026666666667,2334228
10.39999846,19.57253333333333,2334228
187.1999604,721.4186666666665,2334228
277.33326005333333,900.3762666666668,2334228
171.59997465599997,100.6632,2334228
11.70399824,68.85466666666669,2334228
11.703997712,72.00053333333334,2334228
1641.599446112,671.088,2334228
95.33330836333334,60.81653333333332,2334228
169.70795504999995,279.62,2334228
431.599890938,1062.556,2334228
253.58659066,715.8261333333332,2334228
214.573293,654.3098666666667,2334228
284.7972840826667,603.9792,2334228
77.99997957,0.0,2334228
21.599992712,67.63146666666665,2334228
155.99996004000005,564.8312,2334228
64.371980706,301.9888,2334228
181.99992937,41.94133333333333,2334228
122.399908744,315.97013333333337,2334228
10.39999742,23.7648,2334228
29.259991260000003,146.79946666666666,2334228
20881.45854698867,12057.223466666666,2334228
353.599948592,0.0,2334228
539.9998178000002,0.0,2334228
55.46664509866667,232.08213333333327,2334228
36.399990158,134.21626666666663,2334228
20890.128560741334,12057.222666666665,2334228
95.582670162,360.7088,2334228
895.355791308,894.784,2334228
12256.193240932666,0.0,2334228
159.4666258186667,190.1416,2334228
95.33331903333334,223.696,2334228
21.457328332,145.40186666666668,2334228
1562.483577072,3425.3469333333333,2334228
11.70399824,34.4264,2334228
169.70797448000005,162.1776,2334228
5.199999901999999,64.31013333333331,2334228
83.87865405333334,0.0,2334228
29.26000029,37.7472,2334228
11.703996832,77.2432,2334228
77.99997945,0.0,2334228
51.9999924,22.3696,2334228
25.99999622,0.0,2334228
9.753331646666668,44.91226666666667,2334228
71.06664769733332,0.0,2334228
304.5713492657143,539.2668571428571,2334228
29.26000121,44.7392,2334228
69.33332360000001,27.961866666666666,2334228
146.29996455,134.2176,2334228
5806.798040742668,715.8277333333333,2334228
29.259995600000003,61.51413333333332,2334228
161.19995691,178.9568,2334228
11.703997712,67.10746666666665,2334228
183.7332862693333,234.8808,2334228
83.19997808,27.961866666666666,2334228
24.26666025466666,72.17493333333331,2334228
191.16528701200005,67.1088,2334228
138.66662933333336,0.0,2334228
5.199999901999999,120.23466666666668,2334228
124.84264319999998,262.8426666666668,2334228
3262.3995147180003,1454.024,2334228
190.66663748,324.3592,2334228
19166.389167434667,7717.516799999999,2334228
11.704000428,65.70826666666666,2334228
168.1332878726666,0.0,2334228
8936.569101625715,1342.176,2334228
57.19998486400001,458.576,2334228
138.66664688,111.848,2334228
202.799971608,33.5544,2334228
176.799973684,268.4352,2334228
27.73332949333333,75.496,2334228
23.4079938,120.584,2334228
183.36268496533336,123.0328,2334228
2122.3247182506666,7918.843466666668,2334228
76.26663727466665,55.92373333333333,2334228
23.407996128,134.2176,2334228
77.99999853,0.0,2334514
95.33331940000002,0.0,2334514
700.289160056,827.6751999999999,2334528
25.99999319,34.95066666666666,2334528
81.46665466600001,0.0,2334528
5425.599274325999,1136.653866666667,2334528
71.06665614333333,201.3264,2334528
20.799994456,45.43653333333333,2334528
353.0705731500001,118.31253333333336,2334528
51.99998625999999,67.1088,2334528
25.99999609,72.69893333333331,2334528
46.799987346,75.4952,2334528
34.66665318666667,281.016,2334528
179.4613313706667,352.3192,2334528
181.9999615,682.2711999999999,2334528
27.733326058666663,50.8544,2334528
187.263978752,335.544,2334528
21.599987792,52.2512,2334528
17.33332658666667,123.03173333333336,2334528
206.2666626206667,145.4024,2334528
5.19999923,27.96133333333333,2334528
77.99998839,167.772,2334528
117.0399824,33.5544,2334528
21.599992712,68.1552,2334528
5.199999815999999,67.1064,2334528
530.9998208366667,0.0,2334528
66.32265669333334,0.0,2334528
41.599983824,206.9176,2334528
55.46665198933332,178.95493333333332,2334528
852.4411346440003,648.7184,2334528
23.4079938,59.59173333333332,2334528
838.7866574933333,872.4144,2334528
292.5999668,0.0,2334528
19.066666292666667,177.5576,2334528
102.266640628,687.864,2334528
35.111991287999984,33.5536,2334528
3872.0724440533336,2583.6896,2334528
12.133331559999998,192.9368,2334528
265.19996225999995,671.088,2334528
19.06666157,11.8824,2334528
29.25999274,0.0,2334528
51.99999816,0.0,2334528
20.7999944,47.00853333333333,2334528
190.6666263333333,156.58720000000002,2334528
5740.198063214,2147.4832,2334528
71.06664764266665,195.73306666666667,2334528
3196.799639028,1124.0709333333332,2334528
129.99996535,419.4296,2334528
29.25999494,150.99386666666666,2334528
1137.238358842667,3249.1858666666667,2334528
119.599982796,234.8808,2334528
64.371982026,248.86026666666663,2334528
169.86664138266667,301.9896,2334528
5.8519989,174.7610666666667,2334528
21.599983896000005,61.51413333333332,2334528
40.963990732,0.0,2334528
29.25999276,16.776,2334528
103.99999632,117.44,2334528
233.99996418,595.5888,2334528
6.933331498666665,33.5536,2334528
34.66665912000001,274.02613333333335,2334528
83.199987488,5.592266666666666,2334528
7.8026644,163.5768,2334528
254.399971274,1029.001066666667,2334528
4023.0660817746666,1795.16,2334528
318.9332496746667,0.0,2334528
745.3331381133332,648.7173333333335,2334528
10951.1920908,5995.056799999999,2334528
20.79999452,212.5093333333333,2334528
25.99999307,111.84666666666668,2334528
56.56931933600001,254.45173333333327,2334528
27.3093261,80.03866666666669,2334528
20.799996808,41.9416,2334528
173.3333075333333,335.544,2334528
343.199951028,268.4352,2334528
40.963989864,148.19733333333338,2334528
20.7999944,100.6616,2334528
20.799994544,39.32,2334528
1416.132944986,1744.8288,2334528
121.33331536666668,0.0,2334528
216.523939986,156.58720000000002,2334528
292.5999225,271.2298666666666,2334528
25.99999908,46.1344,2334528
167.75732100666667,0.0,2334528
10.39999846,58.7176,2334828
24.26666305466666,38.796,2334828
21415.327559430007,11990.1144,2334828
214.93328414666664,100.6632,2334828
11.703997975999998,50.85386666666667,2334828
10.399997248,0.0,2334828
3.4666661986666663,72.70026666666666,2334828
24.266660301333328,40.01973333333333,2334828
11.704000484000002,17.9984,2334828
726.2665627546668,0.0,2334828
266.9333566386667,178.9568,2334828
129.9999801,503.316,2334828
142.3986271493333,366.3008,2334828
601.1997971506668,0.0,2334828
117.04000116,861.2288000000001,2334828
97.06664079466664,0.0,2334828
27.30933434133333,34.95066666666666,2334828
12.133331634666664,182.45,2334828
7.802665199999999,33.72773333333333,2334828
21751.59431112,14517.8824,2334828
1500.0622811413336,1879.0464,2334828
334.2856272428572,455.3811428571429,2334828
187.19999632800003,257.2504,2334828
100.53331821466664,212.5096,2334828
237.466632782,100.6632,2334828
95.33330781333332,128.62453333333335,2334828
51.99998625999999,0.0,2334828
140.399963226,234.8808,2334828
83.19998832000002,0.0,2334828
24.26666025466666,65.3592,2334828
97.06662877333332,195.73306666666667,2334828
11.703997095999998,24.46453333333333,2334828
51.9999862,6.989333333333332,2334828
407.99995393000006,671.0871999999999,2334828
333.56390743199995,715.8272,2334828
161.19996348200002,167.772,2334828
36.399999048000005,201.3256,2334828
5.8519989,169.16879999999998,2334828
79.73331232666669,55.92266666666666,2334828
2505.599664876,1056.9624,2334828
192.399925186,11.1848,2334828
282.84663457333335,111.848,2334828
187.19994996,67.1088,2334828
27.733329077333327,37.222666666666655,2334828
175.55998007999997,212.5112,2334828
58.519982520000006,78.29360000000001,2334828
124.799951856,184.54826666666665,2334828
4173.866059850666,1655.3490666666669,2334828
324.1332958086667,1386.9152,2334828
350.133283372,0.0,2334828
170.683332925,125.827,2334828
25.9999945,134.21679999999998,2334828
11.703997712,23.2416,2334828
3003.8659792433336,1811.9376,2334828
45.06665479333334,704.6424000000001,2334828
103.999985,27.96133333333333,2334828
76.26664669066666,55.92373333333333,2334828
20028.658832376663,13198.075466666667,2334828
11.70399824,23.5904,2334828
20.799994544,33.552800000000005,2334828
6659.199109331999,1252.6957333333337,2334828
25.199981212,96.1176,2334828
786.5997345953334,268.4352,2334828
39.866660671333335,33.55413333333333,2334828
3.901333476,72.87386666666669,2334828
1.733333272,289.4056,2334828
11.70399824,24.63973333333333,2334828
240.93329960266664,0.0,2334828
76.07598089,875.2088,2334828
11.70399706,42.815466666666666,2334828
193.11598581,0.0,2334828
32.933320527333336,83.884,2334828
105.73330913666666,33.5536,2334828
21553.99445399,11744.049066666665,2334828
77.99998826999997,61.51386666666669,2334828
55.46665198933332,564.8314666666666,2334828
161.199957778,346.7288,2334828
51.99998624,0.0,2334828
218.399942292,894.7834666666666,2334828
176.79997450000002,167.772,2334828
10.3999972,0.0,2334828
76.075982788,327.1544,2334828
79.73331198933333,139.80933333333337,2334828
158.00399649000005,246.0656,2334828
29.26000029,17.473333333333333,2334828
429.86655093333326,257.2504,2334828
25.9999931,190.1408,2334828
11.70399706,26.5616,2334828
20848.527720266666,15010.014133333332,2334828
21567.860893114663,9596.5656,2334828
24.26666010533333,41.2424,2334828
23.407993504,38.270933333333325,2334828
29.259993450000003,134.2176,2334828
47.99999458,67.1064,2334828
77.99999853,0.0,2335114
36.399990326,150.99439999999998,2335128
27.733329162666664,63.0872,2335128
142.3986271493333,395.66053333333326,2335128
13.866666176,281.0168,2335128
25.9999962,58.7184,2335128
893.4051855519999,2952.787733333333,2335128
109.199971398,570.4242666666668,2335128
124.84264789333334,313.17333333333323,2335128
100.53331883333333,33.5536,2335128
164.66660263666668,201.3264,2335128
191.16535241066669,201.3264,2335128
27.3093261,89.82639999999999,2335128
313.7332510386667,134.2176,2335128
8.666664373333335,71.30080000000001,2335128
51.99998624,198.5293333333333,2335128
1.950666344,0.0,2335128
134.99995445000002,335.544,2335128
7.8026644,152.39253333333332,2335128
292.5999225,164.9744,2335128
183.3626119586666,257.2504,2335128
22.399997004,75.4952,2335128
180.2666204906667,190.1416,2335128
5.199999901999999,109.0504,2335128
97.53331866666667,123.03173333333336,2335128
107.99991948,106.25333333333332,2335128
175.06659872733334,0.0,2335128
169.70798074399997,123.0328,2335128
175.56000174000005,1336.582666666667,2335128
11.703996504,36.348533333333336,2335128
10218.5926199,0.0,2335128
134.99989935000002,318.7653333333333,2335128
448.93321263933336,743.7877333333333,2335128
52.667990892000006,251.6573333333333,2335128
6878.0500014280005,838.86,2335128
183.73328492666667,156.58720000000002,2335128
110.93329028266666,134.21573333333336,2335128
3189.3390473400004,58.01893333333333,2335128
72.79998051199999,111.84746666666666,2335128
25.99999635,16.076,2335128
240.9332685593333,922.7456,2335128
167.7572889,693.4576,2335128
29.26000093,0.0,2335128
31.210658400000003,69.7288,2335128
29.25999516,125.828,2335128
72.799981268,0.0,2335128
29.25999274,0.0,2335128
188.93330681,178.9568,2335128
25.99999309,201.3248,2335128
1219.199862332,862.2722666666667,2335128
277.3332588800001,0.0,2335128
91.68131747866668,411.04,2335128
135.19998024,134.2176,2335128
11865.59345634133,0.0,2335128
298.451948388,436.2072,2335128
178.53328506066663,67.1088,2335128
41.599983824,546.6554666666667,2335128
62.399984232,117.43813333333333,2335128
58.51999120000001,246.0645333333333,2335128
29.259991260000003,152.39173333333338,2335128
170.683332925,125.827,2335128
230.17864054933327,492.1312,2335128
5858.6646093733325,13757.315466666669,2335128
77.9999835,178.9568,2335128
51.9999862,167.772,2335128
27.30933434133333,43.5144,2335128
27.733325866666664,0.0,2335128
24.266660310666666,88.07786666666668,2335128
29.259993450000003,134.2176,2335128
17.555996568,145.40106666666668,2335128
1013.99996568,1163.2192,2335128
77.99998851000002,0.0,2335128
72.79998922,0.0,2335128
27.309325764,54.69893333333333,2335128
129.9999662,0.0,2335128
162.93333013733334,67.1088,2335128
3.4666657493333326,0.0,2335128
14180.389758600002,6822.733333333332,2335128
20.799994504,58.5432,2335128
25.99999601,2.796,2335128
24.26666010533333,41.7672,2335128
306.79992023200003,900.3754666666666,2335128
77.99999853,0.0,2335414
45.06665527866666,255.8504,2335428
77.99998839,201.3256,2335428
12.133331559999998,229.28693333333328,2335428
454.13321089200014,1118.48,2335428
38.13332783333333,307.58,2335428
187.263944128,257.2504,2335428
31.199987868,162.17813333333334,2335428
164.66662214333334,167.772,2335428
169.28996690571432,314.57114285714283,2335428
329.3332852000001,704.6421333333333,2335428
93.599974692,338.3392,2335428
185.46661915866667,11.1848,2335428
25.99999609,76.89333333333332,2335428
259.9999603,771.7511999999999,2335428
20.799994504,67.28133333333331,2335428
142.1999520206667,332.7469333333333,2335428
490.53320843600005,419.428,2335428
77.99998826999997,69.90266666666669,2335428
152.15195777600002,401.25306666666665,2335428
398.66656117333326,469.7616,2335428
77.99997900000001,167.7706666666666,2335428
161.19995666199998,156.58720000000002,2335428
1119.9998735333334,786.7261333333333,2335428
3833.599487256,968.8816,2335428
25.99999908,60.11573333333333,2335428
58.52000186,212.51013333333333,2335428
157.73329177666668,78.29360000000001,2335428
25.199981212,75.84506666666668,2335428
235.73330033066665,0.0,2335428
2280.329405811333,4306.1504,2335428
22.53332742266668,159.3808,2335428
3189.3390473400004,38.44506666666667,2335428
31.19999544,44.7376,2335428
1570.28622821,2818.5712000000003,2335428
5.199999203999999,95.0696,2335428
25.99999949,92.2728,2335428
120.94131514666664,167.7696,2335428
3.466666168,65.70826666666666,2335428
20.799994544,29.18293333333333,2335428
171.599954658,369.0984,2335428
107.46663851866666,615.1637333333333,2335428
79.73331177466665,251.6568,2335428
21446.530281326664,7404.341866666667,2335428
100.799985006,296.3954666666667,2335428
36.39999468,159.3824,2335428
554.6664509866667,14.3288,2335428
100.5332940093333,109.0504,2335428
83.87866933266669,480.9458666666666,2335428
29.259993450000003,134.2176,2335428
207.99997328,167.772,2335428
98.800008626,425.0210666666666,2335428
99.48397501,195.0328,2335428
25.199981212,56.97146666666668,2335428
15.599995836,58.7176,2335428
27.733325866666664,0.0,2335428
5.852000213999999,55.92266666666666,2335428
188.93329336666665,55.924,2335428
206.26658598466668,89.4784,2335428
131.733297816,83.884,2335428
17.555996028,209.7130666666667,2335428
68.39995733866667,268.4336,2335428
155.99995823999996,89.4784,2335428
83.19997824000002,67.108,2335428
194.1332815893333,212.5112,2335428
171.599974458,111.848,2335428
135.199979668,50.3304,2335428
135.19996370400006,167.772,2335428
24.266666032,78.29146666666666,2335428
161.19995659999998,201.3264,2335428
5.1999986,41.9408,2335428
175.55998007999997,156.58720000000002,2335428
29.259995600000003,30.232266666666668,2335428
51.99998625999999,0.0,2335428
77.99998826999997,26.5608,2335428
25.99999616,117.4384,2335428
142.13331201333332,391.4666666666668,2335428
62.39999088,58.7192,2335428
29.25999494,72.69973333333334,2335428
21756.79430976,13444.1416,2335428
161.199979292,156.58720000000002,2335428
12.133328610666664,194.3338666666667,2335428
12.133330136666665,118.83733333333332,2335428
8.666665340000002,39.14586666666667,2335428
21595.594243942,10245.2848,2335428
20.799994504,49.97973333333333,2335428
9512.993129500002,0.0,2335428
11.703997352000004,176.1584,2335428
71.06664769733332,0.0,2335714
95.33331940000002,0.0,2335714
23.407993512000004,64.136,2335728
10.399997736,41.2424,2335728
77.99998839,150.99333333333337,2335728
79.73334029466669,111.84613333333331,2335728
88.399976438,100.6616,2335728
271.9999692866666,429.2152,2335728
11.704000484000002,50.85413333333333,2335728
11.703997095999998,53.82586666666667,2335728
448.933212294,1431.6544,2335728
232.266631112,717.2248000000001,2335728
83.87866933266669,511.7032,2335728
146.299978,746.5837333333333,2335728
11.70399824,58.8936,2335728
25.99999613,36.8736,2335728
20.799996816,0.0,2335728
438.53321526666673,246.0656,2335728
233.99990847,178.9568,2335728
181.41194587400005,301.9896,2335728
261.73323166,413.8376,2335728
21800.12763176,11072.96,2335728
11.704000372,59.41733333333335,2335728
187.199973,123.0328,2335728
213.19996924999995,402.6528,2335728
20045.994603,9193.9128,2335728
83.87864324600001,335.54240000000004,2335728
162.93328946666668,369.0984,2335728
58.519982520000006,44.7392,2335728
21609.460906912667,16508.777866666667,2335728
334.2856272428572,455.3811428571429,2335728
20938.661882986664,17157.497600000002,2335728
25.99999616,72.69946666666667,2335728
24.266660301333328,36.1744,2335728
83.19998832000002,0.0,2335728
10.399998796,47.53253333333333,2335728
95.582670162,331.3488,2335728
161.19997675000005,1258.289066666667,2335728
135.19998024,246.0656,2335728
77.9999835,134.2176,2335728
2723.1996357719995,2717.9072,2335728
3.466666652,117.4392,2335728
11.7039966,170.5664,2335728
3.9013326,67.108,2335728
162.93327010266665,78.29360000000001,2335728
860.243799492,693.4576,2335728
10.39999726,135.61413333333334,2335728
450.6665455066666,718.6224,2335728
124.7999664,385.8752,2335728
25.9999945,92.2728,2335728
26.999983160000006,74.896,2335728
117.03998064,55.924,2335728
161.19995753,33.5544,2335728
103.99997176,72.69973333333334,2335728
74.53332229666667,413.8373333333333,2335728
25.99999306,50.3304,2335728
212.39992833466667,307.58,2335728
5.19999923,0.0,2335728
11.703997975999998,67.28106666666667,2335728
173.33326586666664,548.0544,2335728
27.73332600533333,64.4848,2335728
10.399998796,33.5536,2335728
193.115978088,100.6632,2335728
6.933331477333334,150.9928,2335728
6.399999048,50.3296,2335728
25.99999601,8.388,2335728
90.13330958666668,195.73386666666667,2335728
123.06664844333336,67.1088,2335728
77.99999736000002,0.0,2335728
20.799994544,38.7952,2335728
11.70399824,101.3608,2335728
171.65861545066662,100.6632,2335728
105.73330624933332,268.43440000000004,2335728
81.466644796,83.88560000000001,2335728
71.066647588,0.0,2335728
1.7333330993333331,27.96133333333333,2335728
178.53328533533332,492.1312,2335728
20.799997592,44.388,2335728
210.67194160800005,145.4024,2335728
58.52000186,139.808,2335728
11.703998064,24.98853333333333,2335728
11.703998152000002,26.73653333333333,2335728
233.99996652,100.6632,2335728
1853.1328425,369.0984,2335728
29.25999274,0.0,2335728
168.13334801266666,268.4352,2335728
166.39998121066662,799.7122666666667,2335728
23.4079938,83.88506666666667,2335728
174.59987389999995,156.58720000000002,2335728
166.399976064,167.772,2335728
24.26666580799999,66.58160000000001,2335728
17.333328766666668,139.80826666666664,2335728
175.06663993533334,33.5544,2335728
77.99999853,0.0,2336014
183.73328513866664,167.772,2336028
24.26666580799999,58.1936,2336028
105.73330840466666,0.0,2336028
19.50666225333333,269.83173333333326,2336028
31.210659104,47.358933333333326,2336028
19.06666157,6.2888,2336028
159.95462227733333,408.2429333333333,2336028
25.99999615,369.0968,2336028
162.93328946666668,123.0328,2336028
58.51998416000001,262.8410666666667,2336028
6.933331498666665,72.69946666666667,2336028
2437.1992101666665,0.0,2336028
51.9999924,0.0,2336028
51.9999862,8.3872,2336028
119.99998645,32.1536,2336028
181.99995205,134.2176,2336028
190.6666263333333,156.58720000000002,2336028
175.99998012666669,615.1632,2336028
32.93332952066667,44.73893333333333,2336028
210.67194160800005,201.3264,2336028
286.74792042400003,85.98213333333332,2336028
2188.799752848,1823.1224,2336028
1332.7998495046666,807.5658666666667,2336028
162.93329003066663,111.848,2336028
150.79997737999997,464.16826666666657,2336028
21673.596807312,10938.7424,2336028
305.0665873493333,1275.066666666667,2336028
3.466665738666667,75.4952,2336028
727.0710246428571,0.0,2336028
25.99999635,11.182933333333333,2336028
25.9999931,148.19733333333338,2336028
473.5713079928572,323.5594285714285,2336028
45.06665448133335,72.69893333333331,2336028
258.2666272313334,984.2624,2336028
4813.465950200666,5620.364799999999,2336028
154.10266324333332,346.7288,2336028
51.9999924,11.1848,2336028
5.199999901999999,114.6424,2336028
188.799974748,380.2816,2336028
29.25999318,19.572,2336028
166.399975424,290.8048,2336028
23.407993504,45.0872,2336028
275.04395864,687.864,2336028
27.30933434133333,66.9328,2336028
55.466647189333344,394.2618666666666,2336028
187.199927352,223.696,2336028
107.4666505053333,95.06933333333332,2336028
178.5333067593333,55.924,2336028
25.99999343,99.26346666666666,2336028
27.733326058666663,39.8432,2336028
212.62268788533336,190.1416,2336028
343.199951028,223.696,2336028
10182.594384484668,0.0,2336028
281.5999682026668,377.4864,2336028
21051.328523913333,16866.691733333333,2336028
335.5145735573333,89.4784,2336028
1648.7994436826666,0.0,2336028
239.199965868,11.1848,2336028
201.599973036,517.2965333333333,2336028
72.79998992,0.0,2336028
565.1995786120001,626.3488000000001,2336028
29.259995600000003,83.884,2336028
269.1919287,335.544,2336028
50.26666020933335,419.4288,2336028
175.5599871,134.2176,2336028
6.269999057142857,17.974285714285713,2336028
308.53328824,529.8792,2336028
46.79999316000001,173.36293333333333,2336028
20994.12516984533,12549.3552,2336028
294.5506775386666,44.7392,2336028
202.86927453866664,100.6632,2336028
170.683332925,125.827,2336028
27.3093261,33.203199999999995,2336028
86.66664413333332,173.36266666666663,2336028
118.799932856,0.0,2336028
51.9999924,67.1088,2336328
197.0172786586667,83.884,2336328
166.399955648,234.8808,2336328
13.866662965333337,142.60479999999998,2336328
6827.395069100001,0.0,2336328
29.2599915,55.422,2336328
21300.925050547336,10133.437333333331,2336328
25.99999602,206.91706666666667,2336328
8956.129840441334,7381.973333333332,2336328
5376.596961225333,3019.896,2336328
195.0666445333333,301.9896,2336328
5.19999863,301.9888,2336328
11.703997712,20.794933333333333,2336328
27.733326058666663,42.4656,2336328
1355.199818742,637.5325333333333,2336328
29.466662280666664,335.5426666666667,2336328
244.399934294,939.5232,2336328
65.86664903466665,341.1354666666668,2336328
142.39862539733338,251.6568,2336328
25.99999609,64.31013333333331,2336328
3.9013326586666666,23.06666666666667,2336328
27.73332632533333,71.1272,2336328
3124.967127444,2656.3912,2336328
138.6666453866667,274.02613333333335,2336328
724.5332296693332,223.696,2336328
6281.597794191999,14864.612266666669,2336328
136.93329657200002,156.58720000000002,2336328
23.99999729,104.856,2336328
185.46661709,67.1088,2336328
2399.999729,0.0,2336328
58.5199987,218.1013333333333,2336328
175.55999808,335.54240000000004,2336328
95.582670162,357.9125333333333,2336328
204.5333050133333,201.3264,2336328
5867.995762000001,0.0,2336328
23.408000232,89.47653333333334,2336328
29.26000029,30.0568,2336328
10.399997236,0.0,2336328
35.111991816,50.3304,2336328
235.7333006933333,145.4024,2336328
178.5332876013333,178.9568,2336328
51.99999816,0.0,2336328
25.99999312,83.884,2336328
190.6666385066667,167.772,2336328
21330.39442128,13690.2072,2336328
736.199591,0.0,2336328
77.99999967,79.68960000000001,2336328
28.79998372266668,81.2624,2336328
77.99998215,307.58133333333325,2336328
131.7333132186667,78.29360000000001,2336328
103.99997336,206.9173333333333,2336328
25.99999932,268.4336,2336328
27.733325909333328,145.40186666666668,2336328
450.6666574799999,1314.213866666667,2336328
181.99995205,100.6632,2336328
21422.25841085466,8925.477333333334,2336328
20032.13294039533,10625.568533333331,2336328
15.605329696000002,247.4616,2336328
181.41195939,324.3584,2336328
129.599956272,167.772,2336328
161.19993744200002,167.772,2336328
173.3333075333333,123.0328,2336328
645.670604218,637.5336,2336328
1.7333330993333331,67.10719999999999,2336328
51.9999862,2.795733333333333,2336328
77.99997957,0.0,2336328
232.266631112,708.8352,2336328
25.199981212,54.00026666666667,2336328
844.1997151606666,268.4352,2336328
155.9999583,167.772,2336328
171.59999663399998,134.2176,2336328
29.466662167333325,248.85973333333328,2336328
10.39999846,67.1064,2336328
17884.52855266,8634.672,2336328
29.25999538,0.0,2336328
181.99992979,276.8224,2336328
204.5332783453333,100.6632,2336328
58.51998636,402.6514666666668,2336328
66.32265669333334,0.0,2336328
70.223986272,241.8690666666667,2336328
183.7332841493333,178.9568,2336328
181.41194587400005,436.2072,2336328
5.19999863,39.14613333333333,2336328
31.21066781866667,64.83546666666668,2336328
128.2666483146667,33.5536,2336328
24.266660301333328,90.17653333333334,2336328
180.2666631306667,11.1848,2336328
242.99991801,178.9568,2336328
312.10663648000013,939.5232,2336328
284.7973438453334,0.0,2336328
64.13330839533334,265.63733333333323,2336328
51.9999862,167.772,2336328
212.622607734,134.2176,2336328
3.466666652,156.58720000000002,2336328
460.357288808,1498.7632,2336328
24.266666190666665,159.3824,2336575
58.51998988,218.1024,2336628
175.06661960066668,536.8704,2336628
25.99999949,64.31066666666666,2336628
172.799980488,553.6461333333333,2336628
7.802665141333332,65.5344,2336628
212.622607734,212.5112,2336628
188.93328283,134.2176,2336628
7.802665317333333,96.9912,2336628
20744.52526690133,9753.1536,2336628
734.399752208,268.4352,2336628
175.55995488,78.29360000000001,2336628
23.407993512000004,59.94133333333334,2336628
16515.19564888,16106.125866666667,2336628
199.33330573333333,167.772,2336628
5464.796053200002,0.0,2336628
7.802664730666666,45.7848,2336628
29.25999265,33.5544,2336628
21462.130279106663,8455.713866666667,2336628
20.79999696,117.4392,2336628
25.99999622,67.1088,2336628
25.99999312,16.776799999999998,2336628
577.3971803999999,117.9632,2336628
71.06665668999999,0.0,2336628
29.25999318,0.0,2336628
166.399975424,201.3264,2336628
8936.569101625715,1342.176,2336628
57.199977758,226.4896,2336628
214.57328134,525.6856,2336628
10124.994416249998,0.0,2336628
258.2665986233333,0.0,2336628
7.802665141333332,54.17466666666666,2336628
17.33333132666667,81.08773333333333,2336628
197.599955236,89.4784,2336628
3.466666265333333,0.0,2336628
29.25999717,209.7128,2336628
142.1332961053333,89.4784,2336628
142.398668078,995.4458666666668,2336628
220.425312014,223.696,2336628
8.666664540000001,50.3312,2336628
89.7306398946667,67.10719999999999,2336628
25.199985757333327,96.6416,2336628
261.7332629673333,570.424,2336628
573.495909448,137.01306666666667,2336628
23.99999679,118.83733333333332,2336628
183.73328492666667,301.9896,2336628
21368.530185584,12504.617066666664,2336628
223.19992469066665,704.6424000000001,2336628
194.1333044373333,178.9568,2336628
131.7333132186667,67.1088,2336628
24.266663017333325,70.2536,2336628
181.99995149000003,190.1416,2336628
46.799988174,272.628,2336628
10.3999972,33.552,2336628
58.93331773866666,738.1952,2336628
21720.39431928,11811.158666666664,2336628
204.5333050133333,190.1416,2336628
71.06665682666666,0.0,2336628
8961.329838413332,5748.9912,2336628
20.799994544,43.68906666666667,2336628
1400.5331297173334,1062.554133333333,2336628
176.79995267200002,201.3264,2336628
135.19998024,257.2504,2336628
193.115978088,100.6632,2336628
222.3759582,514.4997333333333,2336628
20.799994456,45.086400000000005,2336628
25.99999307,117.4392,2336628
58.933331248,494.92666666666673,2336628
71.06663927866666,0.0,2336628
175.55994911999997,156.58720000000002,2336628
187.19995032000003,111.848,2336628
58.51999076,181.752,2336628
838.7866574933333,973.0776,2336628
29.25999274,0.0,2336628
374.527896064,83.3592,2336628
13.86666296,18.17333333333333,2336628
152.15195970000005,123.0328,2336628
11.703997104,41.06746666666667,2336628
22.53333021333333,76.0192,2336628
7.999998810000001,72.69919999999999,2336628
25.99999609,93.67093333333332,2336628
232.2666057413334,246.0656,2336628
2303.736665674667,8013.9136,2336628
6423.999274623335,13555.9896,2336628
2279.99974255,2013.264,2336628
31.19999544,369.0968,2336628
27.73332600533333,47.18426666666667,2336628
193.116019272,145.4024,2336628
133.46663006600002,0.0,2336628
187.199950968,234.8808,2336628
71.06664769733332,0.0,2336914
95.33331940000002,0.0,2336914
6857.599225662667,12884.9008,2336929
24.266663017333325,202.72186666666667,2336929
292.6000108,0.0,2336929
29.26000093,13.98,2336929
181.799913544,0.0,2336929
35.111991312,67.1088,2336929
6063.199127831999,7180.6472,2336929
25.99999312,100.6632,2336929
51.9999862,26.5616,2336929
9.599998716,137.0128,2336929
25.99999306,134.21679999999998,2336929
51.9999924,167.7696,2336929
86.66665416666666,150.9936,2336929
25.99999602,68.50453333333334,2336929
6978.397270371999,4339.7045333333335,2336929
25.199985757333327,94.89466666666668,2336929
103.99999728,313.1736,2336929
263.4665972533333,0.0,2336929
191.16531928666663,369.0984,2336929
129.9999814,156.58693333333332,2336929
31.19999538,268.4346666666668,2336929
384.79989862,749.3815999999999,2336929
136.93329746733335,234.8808,2336929
28.799990282666663,72.00053333333334,2336929
187.19994996,167.772,2336929
24.266660198666663,45.08746666666666,2336929
20.799994544,138.41039999999998,2336929
166.39993523200002,676.6789333333332,2336929
154.26662543,67.1088,2336929
133.46663068200002,83.884,2336929
126.399983094,247.1133333333333,2336929
287.7333584546667,402.6528,2336929
72.799980456,173.3632,2336929
29.46665894866668,44.03733333333334,2336929
2323.199737672,2158.6664,2336929
1116.2664987973333,226.49066666666664,2336929
3257.5995154320008,1420.4696,2336929
25.9999962,184.54746666666668,2336929
195.0666445333333,246.0656,2336929
27.733326058666663,42.9904,2336929
263.4666064746666,603.9792,2336929
2024.7922020640003,4032.121333333334,2336929
175.55996069999998,369.0976,2336929
50.26665307533333,64.31013333333331,2336929
27.73332909866668,194.3341333333333,2336929
1156.799869378,339.38640000000004,2336929
214.5732752533333,810.8970666666668,2336929
147.33329400666662,178.9568,2336929
239.931933498,973.0776,2336929
25.99999343,53.12506666666666,2336929
29.25999276,2.796,2336929
5.199998668000001,33.552800000000005,2336929
25.199985757333327,80.38906666666668,2336929
17901.861881359997,12817.7904,2336929
1419.5997936120002,1431.6536,2336929
29.25999318,0.0,2336929
296.50133009066667,1778.383466666667,2336929
88.39997684599999,73.3984,2336929
21588.66359443333,13645.467733333331,2336929
180.2666179253333,44.7392,2336929
29.25999494,27.9616,2336929
83.87865405333334,0.0,2336929
11.703997975999998,62.9128,2336929
840.737137372,492.1312,2336929
181.99992979,223.6949333333333,2336929
179.4612797893334,201.3264,2336929
198.39997346400003,450.1872,2336929
166.399975232,212.5112,2336929
188.9333054293333,167.772,2336929
3355.7332700906663,335.544,2336929
21.599983896000005,60.81573333333332,2336929
27.733325834666665,35.6496,2336929
388.799757504,693.4576,2336929
175.5599736,637.5328000000001,2336929
176.799972936,134.2176,2336929
25.99999636,69.90266666666669,2336929
118.99064003,346.7288,2336929
227.0665778486667,167.772,2336929
83.19997772800001,83.884,2336929
220.13324773533336,324.3592,2336929
5.852000213999999,41.94,2336929
177.51062365400003,268.4352,2336929
823.9999069566667,1220.5408,2336929
93.63197904,754.972,2336929
84.93333032800001,167.772,2336929
157.73329195866663,167.772,2336929
35.111991287999984,190.14,2336929
577.3972421653334,187.344,2337229
10231.194357682663,0.0,2337229
56.569320148,178.95626666666664,2337229
123.19998608866668,27.95973333333333,2337229
5.852000213999999,36.34826666666667,2337229
176.79995267200002,117.4392,2337229
115.08929899533332,332.7472,2337229
31.19999544,327.15466666666674,2337229
109.199957622,162.17866666666663,2337229
19749.595343652,13086.2256,2337229
269.191933392,771.7511999999999,2337229
27.30932715466666,318.76559999999995,2337229
3.466666265333333,33.5536,2337229
572.6598880514285,1725.6548571428568,2337229
232.266631112,566.2296,2337229
170.683332925,125.827,2337229
31.210663648,142.60479999999998,2337229
17.555996028,218.10106666666667,2337229
177.51061522133332,167.772,2337229
51.99999232,0.0,2337229
33.16132583066666,134.2176,2337229
84.93331125066666,156.58693333333332,2337229
677.733315608,1291.8434666666665,2337229
51.9999924,123.0328,2337229
129.9999813,111.848,2337229
24.266663017333325,60.29066666666666,2337229
140.399963226,134.2176,2337229
480.13320406666674,1135.2565333333334,2337229
35.11199025599999,37.39706666666667,2337229
21.599983896000005,30.5816,2337229
2861.99841,0.0,2337229
55.466647189333344,433.4093333333333,2337229
84.93331095666669,44.73813333333333,2337229
212.799971538,480.9453333333333,2337229
315.4665839173333,0.0,2337229
107.99994044,67.1088,2337229
31.21066173866668,150.99439999999998,2337229
95.33330803333334,67.10719999999999,2337229
1039.9997196,402.6528,2337229
3327.99952512,950.706133333333,2337229
178.5332855413333,55.924,2337229
35.1119898,33.5544,2337229
272.1332601713333,905.9672,2337229
58.51999120000001,441.7981333333333,2337229
71.06664764266665,475.3536,2337229
29.25999276,50.3288,2337229
1636.199447934,268.4352,2337229
51.99999202,0.0,2337229
4205.6366692853335,2236.96,2337229
103.99997216,279.62,2337229
142.398632162,290.8048,2337229
90.13329835466668,33.5536,2337229
308.53328824,602.5789333333332,2337229
83.20000726399999,150.9928,2337229
28.799978528,60.64053333333332,2337229
206.99990156,715.8272,2337229
77.99999736000002,0.0,2337229
175.06662182266666,257.2504,2337229
181.99995170000005,33.5544,2337229
20333.72543446,19014.1768,2337229
247.86663234666668,134.2176,2337229
21326.92504043733,12773.052,2337229
428.1332220186667,1303.0277333333331,2337229
207.99997024,234.8808,2337229
8936.569101625715,1342.176,2337229
174.59987389999995,0.0,2337229
963.7333007146668,894.784,2337229
268.6666901233333,447.392,2337229
29.26000029,21.668266666666668,2337229
181.99992937,30.7568,2337229
167.7572889,134.2176,2337229
25.99999309,195.7328,2337229
55.799968462666655,45.61093333333333,2337229
105.73330502933334,357.9136,2337229
83.199977824,123.032,2337229
1537.125102186667,0.0,2337229
91.6813059793333,33.5536,2337229
95.33331940000002,0.0,2337514
204.81994281,1330.990666666667,2337529
20.799996808,41.068,2337529
58.933333084,782.936,2337529
18016.26255064267,17806.216266666666,2337529
25.199985757333327,78.11760000000001,2337529
62.399984232,83.884,2337529
207.9999448,425.0224,2337529
5.852000213999999,95.06906666666669,2337529
51.9999862,167.772,2337529
212.6226267,430.6138666666666,2337529
932.5331220786668,2538.9496,2337529
29.259991260000003,100.6616,2337529
58.93332576266668,167.77120000000002,2337529
2044.7997265080005,626.3485333333333,2337529
3189.3390473400004,56.6216,2337529
25.9999962,33.552,2337529
406.3999541106666,289.4048,2337529
25.99999319,37.74693333333333,2337529
161.199957034,201.3264,2337529
77.99998826999997,41.94,2337529
495.469285412,1677.72,2337529
98.799973552,145.4024,2337529
25.99999622,67.1088,2337529
97.0666520693333,167.772,2337529
4669.599841952,1051.3712,2337529
154.26662548933334,89.4784,2337529
1855.083637352,0.0,2337529
3.4666661533333336,11.184,2337529
29.26000107,201.3264,2337529
205.199902416,246.0656,2337529
24.266660217333325,71.8248,2337529
189.214614222,67.1088,2337529
161.90529559600003,515.8965333333333,2337529
110.93330346666666,335.544,2337529
70.223986272,198.5288,2337529
57.19999164000001,201.3248,2337529
6364.799023248001,1521.1336,2337529
5.199999398,61.51386666666669,2337529
2188.647365696,7957.9896,2337529
25.99999601,0.0,2337529
2449.799206083333,0.0,2337529
279.06662405533336,1856.6768,2337529
214.9332750533333,89.4784,2337529
171.599954196,167.772,2337529
45.06666581733332,11.1848,2337529
41.79999371428572,149.79542857142857,2337529
850.4904684320002,503.316,2337529
98.799975034,178.95626666666664,2337529
71.06666636599998,659.9018666666667,2337529
563.3332681166665,939.5232,2337529
29.25999274,131.82085714285714,2337529
25.99999343,71.65013333333332,2337529
25.99998991,178.95626666666664,2337529
545.99985174,1135.2557333333334,2337529
7007.394939100001,0.0,2337529
10.399997236,11.184533333333333,2337529
123.199983522,381.68,2337529
187.263954624,134.2176,2337529
594.5331734953332,1442.8392,2337529
2338.266329416667,6073.3496,2337529
21.599987792,90.00106666666667,2337529
628.1145627679999,2382.3634666666667,2337529
25.99999636,57.319466666666685,2337529
5407.99855856,1632.981333333333,2337529
3.4666661986666663,67.10719999999999,2337529
140.39996554799998,536.8696,2337529
313.73328748000006,550.8501333333332,2337529
27.309326716,97.16586666666667,2337529
343.199951028,0.0,2337529
168.1332885193333,167.772,2337529
2834.998425,0.0,2337529
183.362622236,78.29360000000001,2337529
207.99996816,760.5648,2337529
21.599983896000005,59.9416,2337529
230.17864054933327,626.3488000000001,2337529
140.399962686,246.0656,2337529
83.199977504,134.216,2337529
25.9999962,279.61866666666674,2337529
175.06661980266662,50.3304,2337529
10.399998412000002,55.922933333333326,2337529
29.466655208666666,117.4404,2337529
81.46664520333334,173.36373333333336,2337529
2311.9997389366667,1677.72,2337529
