9252.531956129327,3646.2456
11.70399824,45.61173333333333
109.199983914,444.5944
155.9999775,0.0
1028.0011323706667,880.8024
107.46663777466664,978.6690666666668
232.12931088200008,2594.8736
31.210660437333328,408.2437333333333
40.963993532,123.03173333333336
88.39997670999998,0.0
81.466644984,9730.784
22046.25811101933,8444.529866666668
135.19996302799998,11.1848
11297.86357278933,10021.589066666666
150.20129442266668,100.6632
20890.127861725334,8360.644
918.6665306333334,939.5232
11120.748910758666,905.9688
68.27332255333334,847.2469333333332
25.99999602,220.1989333333333
27.309330692,32.504
3929.466108984667,4300.557599999999
273.59996340600003,310.3776
842.3997731999998,894.784
162.93328946666668,0.0
236.0306197186666,0.0
204.8199461,218.1024
10.39999726,0.0
199.99997325,402.6512
51.99998608,7.688266666666666
415.491934396,492.1298666666666
3191.398696254,0.0
36.399985972,78.29226666666666
181.411944634,578.8112
155.9999775,0.0
72.799989696,0.0
57.19999155200001,83.884
103.99998464,209.7136
25.99999612,156.58666666666662
134.59597975999998,715.8272
32.933324580666664,243.2672
3218.5994918,1442.8392
77.99996994,0.0
25.9999945,128.62373333333338
210.59989548,268.4352
149.06664579733334,0.0
190.66661548000005,576.0168000000001
200.918627458,738.1968
37.062662461333325,185.9456
7080.664795736666,9048.510133333331
25.35866089466667,45.7856
119.99998215,39.1448
93.599976348,184.5469333333333
13.654663484,192.936
36.799995078,167.77146666666667
25.99999309,16.776
1182.103680032,2365.586133333333
98.799976326,173.36373333333336
773.066456452,0.0
138.66662885333335,44.7392
29.466655208666666,123.0328
159.4666047813333,167.772
244.39996381,223.696
236.799968328,436.2056
181.99995338,67.1088
133.46664695466671,33.5544
5288.3961806,0.0
154.1026315906667,67.1088
152.5332942613333,100.6632
279.99996255,106.952
232.2666071706667,650.1146666666665
305.0666342826666,1224.7343999999998
239.199937256,212.5112
83.19998726399999,184.5488
235.733299696,0.0
81.71427411714286,262.142
74.12532218666666,0.0
292.93325446666665,3539.9904
239.931976794,0.0
64.13332378733334,162.17893333333333
95.33330774000002,44.7392
155.9999775,0.0
46.799993142000005,30.7568
24.266660170666665,38.09573333333333
129.99996595000002,111.848
427.19995176200007,133.86586666666668
317.1999146,3187.6688
20.79999448,62.73733333333335
187.199950248,167.772
779.9997878999999,1716.866666666667
29.259993400000003,290.80293333333327
21474.260852096,8164.9088
1970.799475464,1118.48
81.46665416466665,251.656
3.4666657293333327,95.06906666666669
11.70399736,37.0472
23.407997736,40.8928
194.13328890666665,78.29360000000001
12.133330085333332,102.05973333333334
6025.064340063999,1767.1984
27.309330234666664,42.11626666666667
224.32662449999995,525.6848
145.59996668,156.58720000000002
245.78397622800003,0.0
161.19995659999998,0.0
25.358662472,67.1088
3346.198339293334,0.0
265.20002315399995,0.0
11.703998152000002,39.4944
4083.7317485306658,11162.439733333333
20526.130301781333,4795.485866666666
31.199987784,58.7176
23.407994672,62.73706666666666
25.99999309,83.884
181.411958708,11.1848
8.666665360000001,12.930666666666664
52.66799208000001,156.5848
17.555997228,38.09626666666667
72.799988884,805.3045333333333
155.99997996000005,0.0
5.199998601999999,120.23546666666664
27.733326058666663,44.5624
25.99998989,33.5544
132.6453123893333,1526.724
155.99997696,279.62
103.99997232,51.72693333333333
58.51999164,269.83173333333326
103.99997216,181.7504
10.399997372,137.01146666666668
157.7332897746667,55.924
157.73331058333332,33.5544
11.703997975999998,46.66053333333333
292.5999429,100.6632
19.06666375533333,148.19653333333332
608.607837968,1498.762666666667
28.79998823466667,65.70853333333334
29.466655129333333,145.40186666666668
150.20129914533334,78.29360000000001
10.399997236,47.53333333333335
2825.5996220760003,1230.3272
21420.530301504,3802.832533333333
20947.32772589333,4054.492266666666
173.60928396799994,0.0
262.7998102,167.772
29.2599923,83.884
20.799996936000003,62.0384
143.86662876333338,123.0328
28.79998823466667,68.85466666666669
444.751876728,1375.7304
755.733222008,1006.6304
155.99995823999996,290.8048
77.99996994,0.0
175.55995206,156.58720000000002
145.599984544,167.7704
25.99999304,229.28693333333328
2227.33278421,5625.957333333333
372.6665664766666,402.6528
13639.596306816002,3285.536
155.99995890000002,475.3533333333333
161.19995691,167.772
187.199971272,55.924
107.46665025733331,0.0
2679.733242634667,3321.8864
953.875806356,559.24
21727.327600660006,8164.910400000001
258.2665981266667,369.0984
360.53325609600006,1985.302133333333
71.06665617066666,134.2176
164.66664228333337,89.4784
596.2665315893332,626.3488000000001
149.0666325533333,167.772
3549.866146474667,6531.9272
53.733325108,265.6368
220.133279062,0.0
77.99998839,40.54213333333333
3905.199400702,2192.2208
27.733325674666663,20.968
871.8663273093332,2315.2536
255.5373043386667,279.62
21.599997152,63.7864
129.99996545,33.5544
32.933324580666664,205.5192
20616.263621802664,4753.5424
25.99999293,25.1632
263.46659674666665,134.2176
481.8665326706666,190.1405333333333
25.199985757333327,89.12639999999999
173.33330766666663,89.4784
25.199985757333327,92.796
143.86664547400002,255.8504
4318.775318088,10166.9912
8.666664346666668,830.4693333333335
79.73331116133333,810.8970666666668
117.03997108,0.0
5.1999979960000005,139.80853333333332
83.19997779200001,436.2072
19912.53041538133,3998.568266666666
161.90529648133338,156.58720000000002
164.66664146,156.58693333333332
27.309330692,43.864
157.7333092486667,167.772
24.266663092,150.9936
1.7333326653333332,36.34933333333333
447.199934468,128.624
747.066465246,536.8704
118.99064608933332,285.2112
247.866631298,0.0
29.25999668,47.88266666666666
64.371989352,137.012
4387.066005232,1677.72
27.733326986666665,30.9304
77.99997846000002,0.0
135.199963132,301.9896
24.266660684,64.13546666666669
77.99998803,22.369066666666665
4097.598890496,7801.403733333333
81.466655042,74.62266666666669
154.2666240653333,167.772
1642.4610122506667,0.0
11.703997712,24.11546666666667
140.39998148799998,67.1088
241.8826212,486.5376
620.5332419239999,232.0829333333333
77.99997900000001,274.0258666666666
136.93329667733332,111.848
185.46661673333327,514.5008
24.26666018933333,162.17893333333333
4010.3977333813336,0.0
23.407997736,89.30186666666668
166.39995404800004,55.924
29.25999538,213.908
136.93329599266667,178.9568
20.799997792,152.3912
10750.130472143996,4417.998666666667
24.26666354933333,167.77120000000002
5.8519987680000005,162.1770666666667
27.733329248,51.9024
3593.1990339819995,3537.194933333333
58.933317670666646,313.17386666666664
122.891967282,123.0312
51.99999226,117.4392
60.470660818,301.9888
27.309330692,36.52266666666666
43.33332165,109.04933333333332
13.654664510666668,134.21679999999998
3.901332688,28.833866666666665
242.66663204,67.1088
21692.660734556663,5570.0344000000005
21.45732849333333,86.68026666666667
51.99998592,22.368
1060.7995903679998,469.7616
20.799994416000004,36.1736
169.86662152133331,100.6632
603.1999193219999,531.2776
19.506663586666672,137.01306666666667
10215.639720337334,2952.788
31.199995224,137.01253333333332
3.9013327173333336,26.736
164.66662119333338,100.6632
308.2053640906667,246.0656
53.73331229466668,380.2818666666666
2061.8542635973336,0.0
100.53329397066668,209.712
7519.197998735998,2483.0256
79.97732010399999,100.66133333333332
25.99998982,60.11573333333333
76.26664613333331,659.9026666666665
2684.932265556,111.848
5344.1961403000005,0.0
7.802664613333333,49.630666666666656
77.99998875,67.108
15.605330869333336,157.98426666666663
128.74398064000002,89.47706666666669
21146.6610384,4599.751466666667
31.210663648,34.07653333333333
150.79997071,78.29360000000001
3345.3336254066667,771.7504
3181.5364960866664,59.4176
31.199987892,520.0922666666665
11.7039978,19.396
24.266663092,62.3888
20.799994744,213.9072
15.599995824,169.16906666666668
260.79997055133333,33.552
161.90530533466668,1275.0664
117.03998152,634.7365333333333
799.7731950266667,1163.2192
161.1999659,167.772
11.703997975999998,28.4848
11.703997712,27.43573333333333
3167.8821188373336,111.84613333333331
233.99994006,637.5328000000001
19950.66382753333,7135.906400000001
155.9999586,33.5544
20.799996952,73.22346666666667
166.39995526399997,268.4352
25.199985757333327,35.824533333333335
41.59998873600001,0.0
68.27331998666668,278.2197333333333
243.83328200000005,469.7608
76.07598856,0.0
449.5999492326667,697.6509333333332
188.93328312066663,190.1416
235.733270592,335.544
1.7333330686666668,58.7176
20.799994872000003,66.05839999999999
100.799988618,55.921333333333344
10630.529171070666,3545.5832
683.61988178,1433.688
78.02665317333334,433.4096
29.466658824,3321.8864
232.2666071706667,608.1722666666667
114.39996920000002,933.9296
1962.370327309333,1152.0344
162.93329003066663,11.1848
5.85199912,55.924
7.8026650826666675,16.076266666666665
15.605330282666664,110.44853333333334
152.5332942613333,0.0
15.599995782,128.62426666666664
729.7330745586665,894.784
48.59997588,237.67626666666663
20812.128618584666,7113.537333333332
46.799987562,223.6949333333333
112.66665002666667,0.0
412.53336935066665,0.0
6007.731840642668,671.088
3155.199530664,1241.5128
146.29996210000002,0.0
351.866572204,0.0
42.9146586,749.3802666666667
235.73327149866665,134.2176
29.25999318,16.776799999999998
97.53331793333332,381.6792
21.599991176,57.32053333333332
173.60928384933334,134.2176
20.79999524,31.6296
40.96399384,197.13013333333333
199.33330565666668,0.0
284.39979460000006,167.772
10.399995928,81.08773333333333
33.43999472,206.7177142857143
21722.13012514133,5077.9032
217.599970896,483.7408
169.86662093333337,78.29360000000001
79.73331266400001,39.14586666666667
181.99995114,100.6632
604.7065620933333,548.0551999999999
32.933328722666666,25.164533333333328
111.99998735333334,503.3144
180.26662111466663,33.5544
380.3799428,2340.4205333333334
83.199977504,173.3632
131.73330141333332,517.2954666666667
24.26666022666667,56.44586666666668
188.93328355666668,123.0328
11.703998064,85.98213333333332
111.5999852853333,369.09733333333327
121.33331597333334,123.0328
81.46664943333332,55.9232
11.703997975999998,77.592
58.51998416000001,229.28586666666672
11.70399824,29.18293333333333
84.93331072800001,33.5536
579.347908524,276.8224
24.266660170666665,164.97493333333333
208.721292602,67.1088
24.266660152,67.63066666666668
91.86664384133331,508.9072
71.06664769733332,0.0
247.86659878933327,548.0551999999999
105.7332925853333,125.8272
25.99999293,2.795733333333333
20805.197791448,4627.714933333334
19.50666285333334,83.88373333333334
623.99983032,0.0
133.466631144,225.0933333333333
133.4666324786667,167.772
1.9506663,95.06986666666668
21221.191584978,8813.629866666668
168.1332881313333,167.772
71.0666558153333,134.2176
5319.5992204740005,1856.6768
163.85596919999998,83.8848
1.7333326639999995,0.0
17.555996568,100.6616
25.99999636,0.0
84.93331046666668,0.0
88.399975894,0.0
1410.749598857143,1438.0457142857142
17.33332864,0.0
140.399979102,16.776799999999998
2307.6383370040007,4015.3448
161.19995697200002,33.5544
204.81996766,276.8224
511.0745513866667,1275.0672
67.599981774,391.46613333333335
95.33330755666668,497.7226666666667
31.210663648,31.9792
448.199816902,0.0
21380.663385556665,4348.093333333333
148.2506814613333,67.1088
77.99996972999998,83.8848
5654.132491737333,1946.1552
266.9333566386667,0.0
128.743966648,167.772
11.703997975999998,57.4952
15.605329813333332,201.3250666666667
9361.729732666668,3825.204266666666
1527.9998274633335,487.1434666666667
20.799996984000003,187.34426666666664
145.59997849599998,162.17866666666663
8.666665436666669,40.5424
421.343917632,827.6751999999999
90.133308824,106.25466666666668
1041.655715556,1152.0344
109.19997009600004,444.5941333333334
11.703998152000002,118.83733333333332
994.83983544,1048.5744
19.50666344,16.776
51.999989,67.108
93.632009344,145.4016
235.73327938666665,55.924
1057.2611743466666,3400.18
69.33331469333334,5.592266666666666
6016.399134563999,3903.496533333333
85.82931978133333,274.0264
102.599923506,67.1088
118.99064340533332,254.45226666666665
79.73332177200001,0.0
29.25999318,22.368
21210.794060976,4921.316
25.99999601,659.9026666666665
25.99999631,51.72693333333333
133.4666471086667,391.46586666666656
265.290628768,1907.008
114.399983104,0.0
25.99999304,181.7514666666667
51.99999234,16.7744
3.901332424000001,14.5032
28.79998570666667,93.32026666666668
24.266663092,31.10453333333333
79.97732010399999,184.5477333333333
5307.464606961335,1599.4263999999998
77.99997888,31.4544
425.2452502026666,827.6751999999999
21642.394073312,6688.5144
13.654664099999998,155.188
136.93331332,167.772
37.062659421333336,130.0224
230.5332742813333,598.3850666666667
409.63988814,1834.3072
13.866663013333335,134.216
84.93331046666668,39.1464
202.79994657,223.696
50.717319986666666,346.7277333333333
93.599963928,195.7312
121.33330342,41.94133333333333
265.199960832,265.6368
10.3999978,67.1064
6609.198210432,14378.072266666668
16974.530976484668,7941.214400000001
178.53328588466667,671.088
72.79998081999999,1610.6112
210.671957952,167.772
234.07993512,0.0
150.799976974,67.1088
23.407994672,77.24266666666668
142.13329577733333,0.0
377.5999573626666,138.75973333333337
318.9332496746667,805.3056
24.266663092,60.292
3.4666653279999995,61.5136
2612.1329676346663,1398.1
34.66666144000001,682.2714666666667
171.599933274,190.1416
25.199985757333327,47.184
3900.799478268,763.3605333333334
136.54663129333335,78.29360000000001
24.266663110666663,69.5536
31.199986968,6643.7752
51.9999862,33.5544
83.19997772800001,67.1088
71.99999036999998,41.94
81.46664438866667,61.514933333333325
201.066612224,167.772
10160.798499328,335.544
220.425272238,89.4784
135.19998122799998,89.4784
155.9999775,67.1088
27.733325909333328,134.21546666666669
239.93192128,648.7184
53.73331905266665,184.5488
97.53331793333332,366.2997333333333
240.9332990466666,44.7392
287.73328939866667,1431.653866666667
10.399997236,26.91146666666667
25.99999309,58.7176
22.53332730133333,44.73813333333333
400.399893124,2273.310666666666
263.4666264373333,794.1189333333332
103.99996,150.9936
25.99999309,0.0
268.1999646373333,0.0
23.407997344,44.03866666666666
210.67193088,223.696
2057.466112733333,1800.7528
58.51999120000001,268.4352
157.73331058333332,67.1088
245.783951112,268.4352
145.599978328,262.8410666666667
1299.1437851039998,3355.44
2619.0662788433333,1207.9584
24.26666022666667,69.2056
292.5999429,111.848
77.99998002000002,20.968
6678.530543761332,2214.5904
155.99997756,514.5008
102.26665144466664,128.62373333333338
1.7333328619999997,84.58293333333332
25.99998996,47.7088
100.533311796,8936.6616
185.31329717,145.4024
11.70399824,71.12666666666668
3.466665321333333,25.1648
24.266660142666662,67.1064
71.06664846266665,3481.2712
258.2665986233333,369.0984
4158.265012956001,1655.3503999999998
20.799994344,58.01973333333332
8874.664267093334,413.8376
24.266660208,123.03173333333336
79.73331177466665,123.03226666666664
161.19997675000005,145.4024
77.99998851000002,268.43306666666666
36.399990676,156.58693333333332
3909.597790352,0.0
77.99998875,106.2552
11.703998152000002,28.83253333333333
71.06664805266665,0.0
11.703997975999998,30.929866666666666
11.70399824,36.1736
155.99995805999995,89.4784
58.51998636,380.2821333333334
24.26666022666667,41.2432
31.199995344,229.28586666666672
70.22398944000001,0.0
28.799996202666662,64.31066666666666
180.2666181333333,44.7392
23.407997344,46.8336
7.802665493333333,16.600266666666666
25.99999602,576.7146666666665
25.99999666,205.5192
152.15201518400002,167.772
2332.997000048,3937.0512
25.19998970533333,64.136
193.115966604,520.092
331.6132759866666,315.9688
29.259995600000003,47.53413333333333
187.199950248,201.3264
9.599998572,44.73733333333335
21.599991176,63.26186666666669
9.599998572,13.980533333333334
29.25999516,100.6632
155.9999775,67.1088
25.99999666,192.9344
128.266647772,301.988
10783.065057501335,3355.441333333333
25.99999309,92.2728
177.5106843813333,234.8808
161.19997706,145.4024
21510.66438322666,3942.644
31.210663648,95.59333333333332
230.53327259666668,0.0
118.990646984,1286.252
220.425286928,687.864
7089.330522140001,1017.8168
25.99998966,67.10719999999999
23.407997736,93.84613333333331
20.79999448,52.42586666666667
11.703998064,27.261066666666665
11.703998152000002,31.63013333333333
420.27988523454536,427.0552727272727
155.99995800000002,44.7392
77.99998875,100.6624
29.466655208666666,55.921333333333344
36.399994568,213.9072
157.73331064399997,78.29360000000001
17.555996039999997,111.84666666666668
4257.0660330186665,1957.3389333333328
24.266657165333328,60.2912
27.309327117333325,81.6112
14762.796104892,3333.0704
384.2812726573333,2292.8848
209.73327686666667,346.7288
25.35866089466667,60.292
19929.861461905333,4563.401066666666
11.703997975999998,36.69813333333333
52.667989488,164.9744
1137.2384956533333,1364.5442666666663
47.99999358,162.17786666666666
221.8666069333333,402.6528
109.199970768,0.0
7217.597223999999,1230.328
168.13328864866662,167.772
69.33331536000001,83.88453333333334
9.599998572,134.216
232.129288034,67.1088
17085.462093018665,14190.726666666664
702.3999206873334,335.5429333333333
11.703997664,31.9792
77.99997927,86.68026666666667
25.99999343,216.70293333333328
34.666657453333336,209.7133333333333
135.19996266400003,67.1088
124.84264226133332,373.29146666666674
247.86660136333333,134.2176
21007.99687304,4417.998933333333
38.133318505333335,71.30080000000001
88.3999762,55.92266666666666
67.599990354,69.2056
25.999993,0.0
157.73331064399997,67.1088
31.199991648,117.4392
271.1426197773333,313.1728
17548.264095170667,4124.3968
181.99995401,11.1848
23.407997736,44.2128
155.99993934000003,100.6632
72.7999804,587.2018666666667
25.99999309,83.884
168.1332892953333,167.772
8.666665453333335,148.19786666666667
29.466658654,11.5328
46.799981802000005,257.2488
188.9332827573333,134.2176
21146.664421866662,11506.373066666663
140.399961552,67.1088
271.142640442,0.0
41.59999363199999,251.6576
109.199984418,44.7392
3099.5976890760003,0.0
163.85596796800004,524.2864000000001
72.7999804,67.1088
36.39999034,198.5285333333333
235.73327122666663,0.0
86.399987148,374.6904
20994.13027303466,11660.163466666669
25.19998970533333,63.612
24.266660208,201.3248
8921.464292184002,2111.1325333333334
126.53329946133336,348.1256
343.199913276,1688.904
14917.062759542669,4831.836
224.32661944,548.0544
76.266655784,70.60346666666666
98.79998593999998,0.0
77.9999835,117.4384
168.13330940666663,22.3696
199.33330772666667,100.6632
134.59597373399998,391.468
14868.529170143998,2773.8304
27.309327117333325,46.1352
2624.2659571053327,1342.176
109.199984418,134.2176
10569.863881913336,2113.9272
169.70795603599996,100.6632
177.5106843813333,290.8048
77.99997939,89.4784
47.99999358,192.93546666666668
110.93330410666668,0.0
10.399998492000002,30.75653333333333
57.19998493000001,61.514933333333325
5.199998618,0.0
171.599974458,55.9232
179.46131297066665,223.696
77.99997902999998,0.0
249.59993424,402.6528
20817.327800726667,3677.003733333333
81.46665801866666,419.4288
29.25999494,83.88586666666669
9647.729607823998,6833.9176
51.9999862,123.0328
534.5996014259999,0.0
117.03998152,55.924
51.99998617999999,55.92346666666667
1150.9332111573335,2147.4816
27.733329376,77.94213333333332
21370.261546022,13779.684
20.799994544,34.4256
47.99999358,153.79066666666662
130.69464701333334,67.108
1166.4984824826668,2717.9072
5.85199868,150.99439999999998
21703.060856922664,5746.1952
62.399983824,100.66213333333332
4324.665512313333,1767.1984
5.199998612000001,92.2728
166.399955008,167.772
228.228022776,357.9136
27.309330234666664,39.845333333333336
29.25999538,0.0
28.799996202666662,62.038933333333325
20.799996936000003,39.14533333333333
3872.266099230667,29393.6808
102.26663913333331,55.9232
1395.3327966666666,3635.0618666666655
24.266660152,60.11653333333332
5.851999032,0.0
25.99999301,251.6568
25.99999724,64.31013333333331
11.70399692,33.3776
187.199949672,134.2176
216.66660833333336,637.5336
25.199985757333327,72.69893333333331
257.487955472,760.5656
25.99999306,100.66213333333332
29.259993400000003,134.21679999999998
161.19997675000005,134.2176
43.33332165,195.73226666666665
83.19998768,83.8848
171.59997498599998,134.2176
27.733325973333336,68.5048
34.66666298666667,127.22533333333332
483.599880774,1521.1328
192.39994931,100.6632
25.99999334,192.9376
93.599976348,204.1208
25.199985757333327,74.27226666666667
31.199992116,44.73626666666667
136.93329630866666,0.0
176.7999524,123.0328
8.666663326666669,16.776799999999998
86.66663319999998,123.0328
3.9013327466666654,183.14906666666667
211.4666370613333,0.0
25.99999612,8.388
77.99998869000002,0.0
103.999972,425.0224
32.933324517333325,226.4896
25.99999309,46.1344
27.309328004,123.03173333333336
23.407994672,78.99093333333332
29.259995600000003,58.7176
29.25999494,44.73706666666666
5375.065211264,11844.712266666667
77.99998077000002,37.047466666666665
155.99997612,150.9936
21781.060836042663,8164.910133333334
232.266633524,0.0
19.199997432,106.25413333333331
102.26663952666668,42.9904
3.466665933333333,67.1064
198.967961104,671.088
10640.931802676,4429.182666666667
176.79995294399998,299.1917333333333
9.599998572,25.164
1366.399817244,2617.244
3189.3391607,62.214400000000005
27.309329226666662,220.89813333333333
91.86664345266666,246.064
91.681318168,212.50906666666668
100.799985006,184.54853333333327
164.66664146,100.6632
107.99998016,0.0
407.99994543,355.11546666666675
27.733329248,42.99013333333333
3.9013327466666654,39.668533333333336
97.199927532,223.696
146.29995945000005,111.848
77.99998215,33.5536
81.46665419600001,173.36373333333336
216.66660983333333,178.9568
341.3666102,1392.508
155.99995914,111.848
30.399996567333325,96.4672
93.63196928,329.95066666666673
175.99998012666669,315.9688
407.6892536346666,973.0776
25.99998982,150.9928
93.59997192,0.0
20.79999524,41.41733333333334
11.703997536,109.0504
135.19998029200002,156.58720000000002
3222.779369982857,1857.4757142857145
19482.663789226663,4334.1128
155.99995734,134.2176
146.29996210000002,0.0
29.25999668,41.9416
2262.399744537333,0.0
27.309330234666664,47.18373333333333
36.39999442799999,229.28693333333328
29.466655129333333,134.21679999999998
11.703998064,42.81466666666666
159.46662373333334,22.3696
64.371989836,167.772
31.199991696,192.936
2.8888881211111106,13.104
71.06664756066665,363.5053333333333
7.802665376,37.7472
22.533327778,114.64293333333332
155.99995782,134.2176
34.66665781333334,272.628
168.1332880666666,0.0
132.645311392,704.6424000000001
161.90529648133338,100.6632
353.59996007266665,293.5994666666668
348.39994666800004,296.3957333333333
1.599999762,50.3288
234.07995072000003,615.1624
18667.9973434,3847.572533333333
263.33993493,0.0
157.733292444,0.0
19239.9948792,3858.7576
64.37199032000001,0.0
11.70399824,34.076800000000006
57.19998460000001,184.5488
103.99997416,570.424
46.815992256,318.7648
77.99998077000002,32.8528
29.259993400000003,150.99439999999998
378.4292325826666,89.4784
166.39997459200004,293.6
13.866663248,78.2928
173.46997261,611.1671428571428
161.19993744200002,0.0
3.9013322773333328,18.348
175.55995452,123.0328
114.399968672,226.4904
115.08931169999998,201.3256
168.13328871333331,123.0328
79.9999893,50.3288
34.66665734666667,251.6568
25.199996677333328,63.43706666666666
21136.26356939067,4054.492266666666
29.25999494,0.0
97.06664053333331,134.21679999999998
20.799996936000003,67.63119999999999
102.26663901533333,363.5042666666666
875.3331006966665,503.316
920.39986371,805.3056
86.6666541,134.2176
202.86930282666668,738.1952
275.399963688,0.0
301.59993619999995,1448.430133333333
5.8519989,142.60479999999998
149.06663771333334,78.29360000000001
3206.6653272666667,10972.2968
25.99999309,123.0328
22.53332735333333,78.6408
21.599987792,77.41760000000001
25.99999296,16.777066666666666
31.199987868,260.3954666666667
8999.464762933334,872.4144
115.089322202,406.8448
2323.2436681080003,4261.4112000000005
135.19996365199998,178.9568
206.2666361233333,111.848
21782.7953921,5606.384533333333
10.39999726,50.3304
10044.665194736668,603.9792
192.39995597,178.9568
29.259995600000003,100.6616
549.4665848806667,794.1208
25.99999309,57.319466666666685
46.81599260800001,710.2333333333335
2636.3996309040003,1269.4741333333332
172.79997688800003,650.1152
3633.0652218240007,738.1968
77.99996994,41.9424
117.0399824,100.6632
343.31725331199993,704.6408
56.569320148,318.76640000000003
162.93331240266667,78.29360000000001
177.51063997333335,374.6901333333333
2102.3996137813333,0.0
21278.396832792,3663.023466666667
159.4666226293334,67.1088
221.866605824,234.8808
1617.1999452640002,1644.1656
324.1332647666666,1476.392
21.599997152,63.2624
146.2999714,79.68960000000001
10.399995952,24.813866666666662
136.54663129333335,44.7392
27.309327117333325,79.16533333333331
23.99999729,0.0
21600.794342252,4473.922933333333
50.26665313333333,223.696
14041.729531264,4292.169599999999
10.399997188,150.9930666666667
69.33332370666668,0.0
166.399974464,0.0
53.73331905266665,511.70266666666674
31.21065956266668,52.9512
31.199991516,19.9216
27.309327117333325,51.90293333333333
211.4666182733333,246.0656
138.66662954666668,67.1088
43.33332873333333,167.77093333333332
25.99999617,251.656
178.53326391133336,145.4024
87.77997663000002,134.2176
181.411948416,33.5544
71.06664734199998,0.0
79.73332158800001,48.93066666666666
27.73332247466666,198.5293333333333
57.199984622,67.10719999999999
135.19996360000002,346.7282666666667
10.399998404,81.0872
138.66662938666667,13.9808
29.25999516,0.0
434.99854788200014,559.24
289.466588956,542.4624
24.266660152,37.047466666666665
21895.46203493333,5634.347466666668
1576.138429653333,0.0
29.25999334,71.12639999999999
225.33330438666667,603.9792
161.90530533466668,693.456
6569.332635973334,9842.631733333332
32.933324517333325,187.34346666666667
206.266636282,654.3095999999999
159.46664618133337,100.6632
65.86664885733333,0.0
51.99998602,100.6624
228.79993972000003,626.3488000000001
15.599996004,114.64213333333332
253.06662929066675,805.3056
176.79997728799998,201.3264
60.66665112666667,5.592266666666666
700.2664837893332,408.24426666666665
64.371988868,564.8312
21.599991176,61.34053333333332
20.799996936000003,34.6008
23.407997736,27.785333333333327
56.569326914666654,60.8152
11.703998152000002,42.4648
11.703998152000002,37.39706666666667
58.93331746666666,195.7325333333333
313.7332493493334,805.3056
15.599995806,190.14026666666663
129.9999808,167.772
327.59991369,715.8272
50.26665313333333,156.58720000000002
29.2599923,183.8493333333333
214.93330572266663,201.3264
332.79995097600005,0.0
60.47065980533333,53.4752
147.33329514,234.8808
543.9999385733332,265.63733333333323
887.5531531533335,503.316
43.33332873333333,184.548
23.407997736,27.95893333333333
10609.598801999337,7091.167733333333
45.066654689333326,268.43386666666663
116.13330193266664,380.2832
23.407997736,33.5536
267.241307486,0.0
34.66665733333334,4004.160533333333
29.25999516,0.0
155.99996969999998,11.1848
284.799961908,285.2112
5245.1962118,0.0
149.066645052,22.3696
175.5599736,475.3536
25.99998982,167.77120000000002
140.39994551400002,44.7392
8212.532151992,9160.357866666667
379.599898092,0.0
103.99997152,310.37626666666665
52.66799208000001,67.63119999999999
2873.8662455346675,223.696
103.99998412,167.772
201.0666158586667,631.9397333333333
495.469196004,872.4144
38.13332312533333,293.5994666666668
70.399990584,41.94
131.73329862666665,134.2176
31.199987784,86.67946666666666
20683.858679512,3718.948
39.01332572000001,293.6
1677.8666098773333,2080.3728
60.66664132666667,251.656
31.199991720000003,167.77120000000002
116.13330193266664,100.6616
265.29060111466663,0.0
25.999993,150.99333333333337
311.99991780000005,525.6856
100.799924848,0.0
781.7332169753332,16427.689066666666
19569.32803456,3774.872
207.99996824,251.656
173.33328786666664,134.2176
253.58660756,1056.9624
2161.466084733333,67.1088
21.45732844933333,78.64026666666666
29.259993400000003,100.6616
28.799996202666662,30.581066666666665
265.199932272,497.7224000000001
154.1026315906667,134.2176
10.3999972,170.56666666666663
58.51999076,933.9293333333336
31.199991384,15.377066666666668
84.93331187133333,89.47706666666669
2828.799621648,1342.1752
47.99999458,134.216
199.33327966666664,0.0
1503.96377384,0.0
210.671935704,676.6794666666667
6411.839983471999,961.8928
11.703997536,31.4552
20.799994416000004,38.62053333333333
1688.2664238159998,2863.3088
776.5332174506667,1968.5248
3189.3391607,53.82533333333334
5.1999989,92.2728
21245.460979418665,4026.529066666667
25.358660946666664,215.30666666666664
1492.2597756,0.0
110.399987534,198.5288
11.70399824,0.0
24.266660301333328,191.53706666666668
218.3999685,201.3264
204.8199461,218.1016
11.70399692,37.2224
41.599989376,5860.838400000001
651.5225637946668,346.7288
8.666664323333334,78.29146666666666
5.85199912,67.1088
58.51998636,458.576
29.259993400000003,33.5536
11.70399824,30.580533333333328
25.199996677333328,59.59306666666666
24.266663092,42.81413333333333
64.37199032000001,0.0
164.66662290333338,55.924
28.79998823466667,62.9136
10.39999726,67.10719999999999
157.73331094733334,257.2488
142.1332951213333,290.8048
5.85199912,33.5544
149.06663771333334,111.848
72.79998459999999,69.904
4777.181948293333,1207.9584
24.266660217333325,183.15066666666664
66.32265669333334,184.548
51.99998554,500.5176
183.36263771466668,2510.988
27.733325888000003,41.4176
181.41196459800005,145.4024
10831.597137958,3109.374666666666
9457.065280842668,2181.036
171.59997531599996,44.7392
27.309330234666664,60.116800000000005
68.27332306666668,0.0
91.86664182733334,61.514933333333325
10.399998524,75.4952
25.99999631,50.3288
29.259993840000003,29.3568
13.866663013333335,170.5672
541.799596058,0.0
11.703998152000002,38.97066666666666
25.19998970533333,66.75786666666669
255.537296828,362.10666666666674
162.9332883386667,0.0
2409.0729710666674,2952.7885333333334
28.79998570666667,57.6696
25.99999334,117.4392
11.199998501999998,69.90266666666669
39.86665754333333,413.8362666666667
20583.32773625,3886.718933333333
2615.5996338160003,1420.4688
95.99998916,178.95466666666664
29.259993840000003,18.172266666666665
25.99999602,167.772
10.39999762,0.0
239.931958508,880.8032
755.7332252053333,0.0
25.99999309,20.968
155.99995914,11.1848
60.47065711866666,234.8794666666668
1338.1328124906668,3243.592
3352.2669593453334,1152.0328
81.46664473333334,72.7008
19961.061261824,4138.3784
72.17465527066669,316.66666666666674
21647.594205104,12415.137866666668
23.407997736,108.70026666666666
173.33328666666665,55.924
102.2666399593333,391.4666666666668
146.2999708,35.951142857142855
71.99999036999998,22.368
161.19993731800002,268.4352
27.309330692,44.5632
11.70399824,49.97946666666667
62.3999832,55.9232
29.466655129333333,198.52826666666664
25.99999617,299.1917333333333
161.199957158,234.8808
95.58265157466668,364.90293333333335
283.19996212200004,79.68960000000001
118.39998663066667,30.75493333333333
82.79995890666667,220.8976
224.32660541,134.2176
690.5358857760001,296.396
181.99995338,290.8048
72.799989892,0.0
606.6572284226668,1096.1103999999998
23.407994672,78.1168
20.799994416000004,34.076800000000006
25.599996576,74.09706666666668
51.99997964,92.2728
180.799975818,570.424
197.599923848,369.0984
157.73331058333332,111.848
276.79996874466667,1132.4608
5442.665894226667,1107.2952
929.0663050453333,1655.3503999999998
17.555997228,209.7125333333333
534.5996014259999,134.2176
53.73331917666666,55.92266666666666
97.06665266666666,279.62
380.37989457,570.4248
181.999951,201.3264
3093.99956208,2080.3728
58.93331780666666,89.47786666666669
34.66665702666667,413.8354666666667
24.26666032933333,37.047466666666665
10692.929204216,838.8605333333334
24.266663148000003,45.6112
247.86660403266663,162.17839999999998
21167.460894461336,4518.662133333334
259.999945,288.0077333333333
109.199972406,33.5544
2629.4982712533333,785.7298666666667
31.199991648,163.5768
176.799957636,0.0
3197.1418253133334,1644.1656
32.933328292,234.8805333333333
266.39980760000003,123.0328
34.66665734666667,134.21653333333333
20.79999452,34.42613333333333
27.309327117333325,60.8152
148.250625576,0.0
5.8519987680000005,164.9744
498.5997963126668,0.0
7.802665023999999,76.19439999999999
2197.866074933334,3523.2128
138.66663013333334,89.4784
20690.796968002,4012.548
817.3291919906668,794.1208
10431.198519572,6554.2968
455.8665446346666,388.6704
25.199985757333327,71.65093333333331
31.210663648,47.182666666666655
51.999986,452.984
11.703997536,50.8536
114.399983104,97.8664
149.0666138053333,134.2176
363.99990228,0.0
327.711945792,682.2717333333333
23.407994672,58.19413333333332
255.537283466,67.1088
46.81599260800001,83.884
29.25999538,67.1088
181.99995170000005,0.0
188.93328312066663,134.2176
10545.598442496,223.696
58.51999076,324.3584
365.73319210400007,715.8272
77.99998805999998,13.9792
100.533305996,61.516
58.51999120000001,0.0
206.266608912,1219.1432
131.73329381333332,33.5544
155.99997726,156.58720000000002
20.79999448,65.00959999999999
167.7573500746667,156.58720000000002
20987.194317312,3760.890933333333
21077.327723520004,4571.790400000001
485.33326109333336,1140.8496
21730.794182832,3802.832
878.799867504,2393.5472
124.799973264,190.14
18009.330770466666,5860.8392
23.407997736,100.83706666666669
79.73332146533333,206.9184
4843.199352222,1426.0616
110.93330427733332,56.6208
6037.1983746000005,1185.5888
155.99996004000005,609.5706666666665
740.1332237366668,581.6096
83.199977376,89.47760000000001
10.39999726,53.1256
171.65862219733333,178.9568
6564.1307985680005,1711.2744
155.99995914,167.772
620.7999299013333,385.8733333333333
76.26665560800001,162.17786666666666
71.06664534666666,0.0
24.26666013333333,86.68026666666667
11.703997975999998,32.32906666666666
142.13329506666662,246.0656
365.73323430400006,525.6856
138.59998172533338,223.696
25.99999309,81.08773333333333
306.7999351,1051.3709333333331
33.16132685066666,130.02213333333333
29.259992080000004,260.0456
1275.7328426666668,2320.846133333333
142.3986383426667,78.29360000000001
234.07995432,134.2176
120.94130969066666,247.4616
294.6666094333333,425.0224
91.86664161533336,234.8808
129.99996545,156.58720000000002
36.39999475,212.5093333333333
32.93332858333333,178.95626666666664
107.46663951066664,156.58613333333332
25.19998970533333,61.86453333333332
25.99999309,75.4952
143.86662937200003,0.0
176.7999524,111.848
1650.132881450667,570.4248
7.802665317333333,13.978666666666664
181.99995128,369.0984
79.97732070533333,192.936
77.99997864,0.0
175.06661980266662,0.0
114.399969772,297.7944
36.399990564,83.884
57.19999155200001,0.0
318.93328635200004,520.092
83.199978976,11.184533333333333
9001.196496456,1140.8496
211.4666109533333,469.7616
4.799999286,33.552
31.210663648,40.1936
181.99995205,134.2176
21.457329945333328,209.712
33.161328097333325,53.8256
138.66663013333334,67.1088
5.85199912,125.8272
23.407994672,63.96186666666668
21.45733089866666,44.7376
1481.9996084099996,1409.2848
64.371989836,181.752
206.770610204,223.696
44.865326249333336,312.4736
31.199991708,156.5848
5795.996017933334,0.0
27.309327117333325,49.28053333333333
188.9332855913333,89.4784
249.599961888,699.0495999999999
21.457328332,144.00320000000002
22.53332734466667,603.9775999999999
159.95462522933332,89.4784
157.7333092486667,234.8808
3023.9987646399995,0.0
20.799994344,62.38826666666668
159.4666237946667,167.772
57.599992296,114.64266666666668
7.802665141333332,15.550933333333331
58.5199846,262.8421333333334
47.99999458,100.6624
93.599985636,374.6904
7.802665317333333,130.02026666666663
27.309330692,87.72853333333335
25.99999602,314.57120000000003
51.99999234,0.0
5251.99857792,12733.905333333336
140.39995021200002,111.848
11.703998064,33.90266666666666
152.53331080533334,178.9568
25.99999309,184.548
95.33331914333334,22.369066666666665
32.933324922666664,197.1304
77.39996158666669,578.812
135.199962976,156.58720000000002
142.13329588666662,257.2504
107.46663773333331,391.468
337.59996187933336,123.7304
282.84661775333336,559.24
51.999986,123.0328
54.61865722133334,139.8088
3.4666661640000003,0.0
103.99997188,223.696
142.1333116306666,0.0
29.25999318,0.0
88.39997735600001,139.80853333333332
28.79998372266668,34.6008
150.79996044400002,0.0
3887.99780256,0.0
10795.197687336,7449.081866666666
3.199999524,50.3296
4257.066049392,201.3264
36.399990102,72.69893333333331
62.399990712,67.10719999999999
20898.79449397,3131.744
17.555997228,213.9064
21508.927608648,4278.1896
162.933308392,33.5544
339.1999616986666,452.98346666666674
3551.5985916540003,4608.1408
155.19998247533331,369.09733333333327
19.506663733333333,159.3824
5297.065912853333,6235.529866666666
177.51061940733334,665.4944
701.9998955100001,704.6413333333335
110.933316352,436.2064
105.335971956,134.2176
245.783952036,55.924
3.9013327173333336,24.6384
292.79996083799995,986.0090666666669
138.66662874666667,167.772
209.7332516986666,246.0656
183.362636336,492.1312
25.19998749333333,57.32053333333332
20.79999448,33.551199999999994
135.199964068,123.0328
161.199958212,55.924
17.33332864666667,117.4384
31.199991516,11.5328
696.3878952800002,3154.1144
60.47065980533333,55.746666666666655
639.599826078,0.0
213.199948914,218.1024
77.99997927,41.9424
9042.798688794,4725.581066666667
103.99997372,1157.6256
356.971902522,771.7511999999999
79.9999893,0.0
177.51064130799995,190.1413333333333
21.59998928000001,58.1944
168.13326840799996,380.2832
181.99995128,78.29360000000001
21474.263503342,3299.5176
29.25999516,81.08773333333333
201.066612688,22.3696
45.06665479333334,469.7608
83.1999776,83.88560000000001
3047.199242888,480.9464
173.60929868266666,301.9896
20.799994408,184.548
516.5332570453334,480.9464
615.3331939366666,0.0
275.043956572,528.4808
234.07997736,3221.2232000000004
161.19995672400003,0.0
24.266657295999995,56.44666666666666
77.99997900000001,39.146666666666654
251.33329766333333,290.8048
774.4145121013333,1062.556
165.80663923999995,514.5008
134.9999752,268.4352
6007.730951036001,626.3488000000001
11.703998064,43.6888
171.59995393199998,866.8213333333335
1.9506663733333327,33.5544
14.399998074,125.828
25.99999304,95.06906666666669
129.9999808,89.4784
83.19998726399999,67.10719999999999
60.66665024,111.8464
6843.198178656,2013.264
34.666657533333336,250.2578666666668
100.53331906533334,89.4784
3282.971481636,1056.9624
93.63198521600002,303.3866666666668
165.80662892666666,89.4784
29.466658835333327,248.85973333333328
25.99999297,78.29253333333334
558.399925314,63.26213333333332
448.9332675473333,715.8272
32.933328292,173.36373333333336
71.06664788866667,0.0
24.266663092,34.77573333333333
50.26665313333333,234.8808
103.99997224,290.8048
83.19998726399999,162.17839999999998
25.99999601,164.9744
129.999961,134.2176
124.799982336,0.0
31.21066312533333,70.95226666666666
117.0399824,111.848
29.259993840000003,21.668266666666668
102.39998843733332,170.5669333333333
239.199938728,425.0213333333333
57.199978,192.936
56.56932482666667,139.80933333333337
65.866649592,201.324
103.9999724,33.9032
122.891988114,178.9568
296.399936502,1677.7192
230.178621748,156.58720000000002
1086.5211699466668,1375.729333333333
74.53331329533333,0.0
29.25999538,117.43813333333333
152.15195845200003,55.924
3196.265990533333,1476.3936
480.13321403866667,1599.4253333333331
2587.199707862,0.0
21.599983896000005,52.4264
20.799994344,72.35013333333332
112.66663819666668,461.3714666666667
31.199991384,13.6296
159.46663569333333,33.5544
56.569323550666674,402.65226666666666
165.80663357333333,559.24
1113.8304991733332,1470.8
887.5531931933334,10234.1
29.25999668,22.368266666666667
117.0399824,201.3264
11.703997975999998,32.32853333333333
83.19997763199999,89.47786666666669
155.9999775,0.0
135.19997935600003,0.0
90.13330875466669,0.0
209.7333021153333,637.5330666666667
27.733326058666663,49.62986666666667
10.3999972,39.14426666666667
47.99999358,192.93653333333333
23.407997736,42.64026666666667
20.799991968,0.0
31.21066312533333,72.52453333333334
88.39997766200001,33.5536
3797.997853426666,0.0
4094.132898725333,1644.1656
171.658619792,268.4352
161.19995659999998,279.62
413.541220408,469.7616
23.39999044066667,60.46506666666666
67.599971764,170.56613333333334
57.19999155200001,357.9136
1247.99966256,1756.0136
25.19998970533333,71.47626666666666
7.802665023999999,181.75253333333333
15.599996699999998,58.7176
25.99999603,265.6368
201.599977236,822.0816
743.5997977979998,0.0
1239.3330201633337,3349.848
1178.6663529599996,643.1245333333334
136.93329599266667,11.1848
178.53330758333337,67.1088
187.19994758400003,33.5544
1.9506663586666668,19.3976
175.5599736,520.0922666666665
187.263973248,710.2336
135.19996495200002,33.5544
21.599997152,27.2608
50.71732532533333,738.1952
3223.99956879,1342.1752
58.51998416000001,184.548
25.199981212,52.6016
157.7333165893333,402.6504000000001
25.199996677333328,29.70693333333333
147.33329514,44.7392
606.6665798666667,0.0
181.99995835,100.6632
25.99999343,92.2728
161.19995666199998,0.0
577.3972421653334,176.16
34.66665933333333,117.4384
69.33331536000001,0.0
83.199977376,134.21679999999998
639.8185560213333,738.1968
77.99997906,22.369066666666665
36.399990284,61.514933333333325
481.86654490266665,75.4952
86.66664476666666,83.884
152.53329338133332,67.1088
64.133323886,12.5808
100.533294512,153.78879999999998
8708.265390570668,447.392
25.99999443,192.93653333333333
197.599974616,67.1088
35.11199207999999,229.28613333333328
23.407994672,75.4952
15.599996699999998,0.0
689.866496588,872.4130666666667
129.999961,156.58720000000002
25.199985757333327,34.95146666666667
31.199987784,148.1976
238.39997308066668,760.5648
171.65862665599997,549.452
32.933324377999995,71.30080000000001
234.07995952,922.7464
103.99998452,100.66186666666668
29.25999668,16.776
136.9333124246667,201.3264
114.399983676,123.0328
36.39999021399999,150.99413333333334
166.399935424,11.1848
56.56932482666667,156.58613333333332
2818.39959892,2013.264
1660.016983856,794.1208
487.7996648633333,268.4352
72.17465581333335,0.0
5896.798430544,18273.18213333333
384.79990143200007,897.5786666666665
5.85199868,33.552
1.9506663733333327,83.88346666666666
176.799952468,100.6632
146.29996005,257.2504
107.46665079466663,13.9808
11458.21427696,6274.6768
54.618658042666674,173.36373333333336
6407.93898822,894.784
11.70399824,19.921866666666663
1393.5998426393337,638.2373333333335
8990.797593231999,939.5232
1178.66649984,3154.1149333333333
296.39994243,436.2072
91.199986434,279.6194666666667
157.7332911093333,201.3264
271.9283750357143,659.1042857142857
77.99997888,0.0
25.99999612,156.58693333333332
129.99994845,44.7392
198.967961104,480.9464
449.99994066666665,626.3488000000001
164.66664361333338,301.9896
31.199987592000003,190.1416
118.99064787866664,67.1088
959.727805168,436.2072
100.53330665333334,100.6632
169.86662093333337,33.5544
19938.528126308665,3489.6584
60.66665738,276.8216
5758.196043903334,0.0
1178.6663529599996,2483.0256
11.703998152000002,49.805333333333344
19.066661511333333,125.828
343.3172551893333,51.5536
2662.399627264,1342.1754666666666
2546.265989947333,12482.248
64.37198534800001,95.06933333333332
91.681318168,215.30533333333327
171.59997525,145.4024
58.51999120000001,167.772
155.99995632,0.0
136.93329551866668,167.772
11.703997975999998,37.2232
287.99996748,432.0112
23.99999679,74.09706666666668
140.399961552,167.772
156.05334890666668,83.884
25.99999359,83.88453333333334
1204.6664887466666,520.0928
25.99999912,187.3445333333333
25.99999612,50.3304
131.7333145866667,246.0656
7770.531241266667,525.6856
7503.598868688,928.3384
145.59996085599997,78.29360000000001
20864.13043642867,4675.248799999999
29.466663538666666,436.20586666666657
10.399997644,167.77120000000002
190.66661606666668,201.3264
218.474607008,357.9136
71.0666558153333,6333.397599999999
10476.262564805334,1990.8944
62.399990448,198.5293333333333
1.950666286,150.9928
171.6586369813333,1308.6208
13181.996557469998,3355.440266666666
95.99998716,93.67093333333332
103.99995956,704.6424000000001
103.38529941333334,212.5096
178.53328595333332,100.6632
415.491918776,1040.1864
21.457331258,36.872800000000005
2480.399120412,746.5842666666667
20.79999448,34.60053333333333
1131.386360426667,2147.4816
47.99999458,16.776799999999998
21491.595825670003,6487.188
2788.1986162266667,0.0
187.199949672,0.0
28.79998570666667,64.8352
3.901332512,83.8848
29.259995600000003,8.388
117.0399692,124.42986666666668
28.79998823466667,94.3696
179.4613512426667,67.1088
3979.732352176,928.3384
21.45732849333333,265.6368
25.99999602,256.8992
21595.596935086003,4222.2648
3870.531794052001,492.1312
9.753331353333332,29.008266666666668
3714.532799012,3847.572266666666
36.3999923,156.58613333333332
77.99997900000001,123.03173333333336
36.399985748,50.3288
266.93326300666666,268.4352
11.70399824,20.79413333333333
57.19998460000001,134.2176
21.457329784,89.47653333333334
8235.063499333333,548.0551999999999
355.0212321413333,357.9136
11.70399824,77.7672
11.703997536,45.08693333333333
555.9399038600002,1020.612
83.19997763199999,156.58693333333332
29.466659118666666,142.60479999999998
183.3626300693334,0.0
323.19996350533336,436.2056
1067.733179744,2147.4816
21846.929989072,4515.865599999999
29.25999582,26.56053333333333
20.799994416000004,68.68106666666668
24.266663092,39.320800000000006
38.13332272933333,388.67013333333335
187.19995032000003,201.3264
76.07598684400001,553.6456
239.19990634400003,531.2762666666667
10627.230162208,1677.72
159.46661011733332,78.29360000000001
57.19998534800001,0.0
1984.6663758366665,1006.632
50.26664698533335,67.1088
3555.065905062,1554.6871999999998
12.133330085333332,156.58613333333332
51.99999204,209.7128
25.99999359,201.324
28.79998823466667,61.514666666666656
4.799999358,142.60479999999998
98.799972716,83.88560000000001
76.26663721599998,402.652
51.99999232,0.0
70.22398152,23.416266666666665
1376.2663151893328,2181.036
131.73331387733333,0.0
77.99997900000001,301.9888
31.210663648,30.93093333333333
41.599988944,1946.1552
326.399963144,406.84533333333326
6531.197488000001,704.6424000000001
40.9639923,721.4191999999999
22.53332730133333,155.1888
55.46665205333333,55.924
27.733326058666663,79.68960000000001
688.1332602853332,1263.8824
103.99997284,0.0
8916.265397813333,671.088
11.703997975999998,15.901066666666669
5.199999246000001,97.86533333333333
60.47065484533333,205.52
93.63198521600002,294.9981333333334
46.799987544,869.616
51.99999252,23.2416
103.99998453,229.2872
23.407997736,33.02773333333333
178.749952425,209.712
135.19997139999998,536.8693333333335
25.99999293,14.6784
24.266663166666664,41.7672
20.79999524,31.97893333333333
159.46662348799998,531.2773333333334
20715.063631112665,5228.897599999999
86.66665336666667,212.5096
29.25999538,201.3256
25.99999302,75.4952
29.25999494,61.514666666666656
21332.12759827133,4451.552
3128.397667604,0.0
5.19999863,103.45786666666667
36.799995078,243.2674666666668
133.46662662666668,89.4784
29.25999538,0.0
159.95463545200002,67.1088
821.230442414,2002.0792
54.61865722133334,581.6093333333334
355.0212826159999,2399.14
34.666657453333336,123.03173333333336
29.25999538,176.15866666666662
4.799999358,92.2728
31.210663648,33.55226666666667
667.1278404,234.8808
183.73328690533333,0.0
20.799991968,38.97066666666666
10276.929309518666,3814.018666666666
155.99997618,178.9568
175.55995380000005,173.3632
14665.729463835998,8947.845866666667
77.39996158666669,212.50986666666668
793.9211132820003,1140.8496
57.19998534800001,61.5152
10.399997188,75.4952
136.5466451066667,777.3426666666666
133.46661933733333,167.772
3547.7980434540004,0.0
113.13864965333336,167.77120000000002
1.7333326653333332,109.04986666666667
3341.866958437333,1179.9957333333334
21.599987792,77.41866666666668
21501.99171346,4292.169866666666
751.0065142066666,4580.178400000001
10.399998432,30.057066666666664
10.39999726,27.96133333333333
157.73331094733334,343.9304
98.799960822,0.0
158.39998211399998,394.26293333333336
6.933331477333334,83.884
77.99998875,83.8848
21.599991176,68.856
48.53332019199999,33.5544
135.19996365199998,0.0
72.79998042799998,89.4768
140.447972544,241.87013333333329
71.066646768,0.0
21248.927620639337,4110.416
3.901332453333333,89.47653333333334
569.5945767306667,142.60533333333336
1459.1998048320002,1669.332
166.39997599999995,156.58720000000002
21.59998928000001,59.59146666666668
288.6986954773333,0.0
77.99997927,167.7704
146.2999708,67.1088
272.1332267826667,973.076
384.281226822,727.012
129.99998065,167.7704
6543.3323921,1610.6112
883.99965388,1767.1984
126.79329173333332,771.7498666666667
11.703998064,46.48506666666666
24.266660124,33.90186666666667
25.35866089466667,60.2912
11.703998152000002,145.4016
29.2599923,83.884
87.77998002,134.21706666666668
161.19993744200002,324.3592
800.7997871719998,11453.243466666669
154.10263654133334,566.2288000000001
71.06663927866666,41.9424
11855.99682624,2125.112
52.66798614,294.99733333333324
39.86665607133333,50.33066666666666
2531.1996614520003,855.6357333333333
3.4666657453333327,42.46586666666667
77.99998998000002,374.6898666666666
15.599997606,72.69893333333331
755.7331298666667,3299.5168
259.999963,536.8704
25.99999602,125.828
60.47065757333333,167.77120000000002
162.933308392,67.1088
20.79999448,29.7072
1480.55577736,0.0
7013.064800112001,2606.0584
150.20131880600002,0.0
27.309327117333325,87.37866666666669
727.9999177966668,1023.4085333333333
25.199985757333327,41.7664
350.133279736,436.2064
11.70399692,27.9592
25.99998988,0.0
20.79999448,72.87386666666669
105.7333066153333,50.3304
77.99997900000001,150.9936
25.99998982,170.5669333333333
201.0666125333333,1655.3503999999998
358.79990367600004,0.0
21782.794168912,4227.857599999999
298.451952876,3019.8968
131.73328246399998,576.016
25.99999602,123.03173333333336
185.466616876,111.848
81.46664608066666,67.10719999999999
29.46665890333333,264.23920000000004
24.266660301333328,42.64053333333333
77.99997963,89.4784
425.5999519426668,125.4776
2508.799716714668,0.0
21527.99695296,5033.1632
6681.999015689999,2698.333066666667
2315.441002556,4071.268533333333
27.733325888000003,51.9032
71.06664756066665,1342.1752
60.470660818,318.76640000000003
89.73065249866667,380.2810666666667
23.407997736,106.07893333333332
185.4666165193333,134.2176
87.77998614,328.054
157.7332911093333,301.9896
126.533315424,156.58720000000002
188.9333090626667,123.0328
20.799994544,142.60479999999998
5.19999881,61.5144
197.599948168,167.772
5049.199260098,7952.398666666668
103.99998412,89.4784
124.799951568,2348.808
31.21065956266668,84.93146666666667
154.1026315906667,246.0656
21.59998928000001,51.9024
21.599991176,60.99093333333333
51.9999862,22.3696
31.199987784,81.08773333333333
19936.79474742,13824.422933333335
4.799999358,44.73813333333333
2388.7997302646672,0.0
11.70399824,22.0192
261.733262162,1241.512
181.99995170000005,223.696
79.97732130666667,16.776799999999998
79.97731950266666,441.7978666666666
21453.461377562,4166.3408
74.53331343866667,83.88560000000001
117.86663529599998,278.92
558.1331907946666,1034.5936
155.9999775,67.1088
249.599964384,0.0
97.06664781333332,27.961866666666666
157.7333091273333,301.9896
23.99999679,88.07839999999999
19446.261685430665,13939.0688
93.599985672,170.5672
5272.196192300001,0.0
114.399982752,201.3256
103.99998452,156.58693333333332
21354.66099125333,4585.770933333333
31.199987784,134.21679999999998
124.799966784,195.7333333333333
25.99998982,78.29146666666666
159.46662318133338,67.1088
187.199952696,100.6632
11.703998152000002,69.2048
2071.607439264,2164.258666666666
169.70797448000005,188.74213333333333
131.73329725866665,0.0
365.733280724,436.2072
150.79996027,145.4024
23.407997736,36.697066666666665
25.99999301,307.5805333333333
20.799996936000003,62.21413333333332
25.99999912,159.38320000000002
5.851998987999999,54.0
435.0666019086667,894.784
107.4666381053333,1051.3704
97.06664068266666,97.8656
233.99996661,0.0
190.66661665333336,178.9568
24.266663092,52.251466666666666
23.407997736,45.26186666666667
77.99998029,106.25466666666668
79.73332309066669,134.21679999999998
161.19995672400003,44.7392
77.99997945,156.58720000000002
57.19999155200001,0.0
12.133330085333332,134.21679999999998
8978.664767333334,961.8928
5707.79607853,0.0
750.5331292459999,1666.5336000000002
23.407994672,75.67013333333331
62.399990856,469.7616
159.46662373333334,100.6632
71.06664753333331,67.1088
81.46664485866667,134.21679999999998
5709.599187479998,1454.024
176.799953624,100.6632
415.491931272,1112.886133333333
21380.66362403333,6867.471733333333
129.999961,0.0
2643.1529358666667,556.4418666666667
166.39995404800004,78.29360000000001
207.9999524,123.0328
21396.258420874667,4166.34
23.99999729,8.388
175.55996574,223.696
129.9999483,67.10826666666667
69.33331253333334,111.848
27.309327117333325,69.9032
20.79999524,36.1736
83.19998799999998,89.47653333333334
51.99998,380.2826666666667
5.851999032,0.0
64.37198306,13.6296
129.99996604999998,44.7392
20.799994344,69.38026666666666
671.0291420693334,425.0224
25.199981212,55.5728
78.02665376,178.956
25.99999613,150.9928
220.4252762306667,290.8048
316.00793347200005,419.428
922.1329666080002,2080.3728
102.26665581066663,0.0
31.199987976,222.2952
126.79332107,100.6632
117.86663579466668,134.2176
43.33332148333333,190.1405333333333
308.533251216,738.8946666666665
27.309330692,40.89306666666666
202.799969034,492.1312
51.99998617999999,41.9416
10091.463980784,4071.269333333334
3862.797869737333,0.0
159.4666245306667,0.0
3313.798355373333,0.0
4414.399409574,692.0584
55.46665186133334,251.6568
24.266660301333328,38.44693333333333
133.46663150333333,0.0
10.399998504,16.776
98.79998575,341.1352
77.99998845,0.0
23.407996128,33.552
81.46665463466667,111.84746666666666
27.73333038933333,58.7176
72.79998081999999,190.1413333333333
178.533284374,134.2176
77.99997927,153.78879999999998
20.799991968,54.3496
25.99999293,17.473866666666666
157.73331143266668,134.2176
28.79998372266668,52.42746666666667
10.39999726,58.7176
20.799994416000004,208.31466666666665
6.399999048,11.184
567.6439103719999,173.36266666666663
25.99999602,215.3056
77.99998869000002,100.6624
142.1332785573333,301.9896
301.59994142,749.3815999999999
24.266660301333328,82.48639999999999
243.83326575000004,111.848
27.73332247466666,61.514933333333325
58.51998416000001,262.8410666666667
497.41986417,536.8704
757.4664851660001,335.5432
135.19996386,0.0
209.73330227666668,156.58720000000002
75.59996248,184.548
33.161325785333325,49.28053333333333
25.99999612,150.99439999999998
25.99999602,173.364
8.666664833333334,100.6616
25.99999601,150.9936
46.799987508,296.3944
32.933320274,296.3954666666667
11.703997624,20.2696
12.133330085333332,132.81866666666662
187.1999496,570.4248
87.77997321000002,494.9264
20.799994344,34.42613333333333
40.96399384,197.1296
22.533330014,65.88453333333334
598.3999324306667,304.784
159.46662465333338,178.9568
159.46664366666667,0.0
20156.927937477336,3760.8904
76.26664657333333,100.6624
51.99998,503.3146666666668
122.891978748,1079.3325333333337
109.199972406,262.8421333333334
344.93324245666673,536.8704
74.53332246866667,0.0
193.115978088,257.2504
5.8519987680000005,86.68026666666667
281.599958112,657.1045333333333
4.799999358,50.3288
24.26666018933333,97.86533333333333
471.99994670333336,151.3424
157.7332897746667,44.7392
3.9013326586666666,13.279733333333336
97.53331793333332,364.9024
21696.13012898133,4183.1168
3.466665744,86.68026666666667
227.8099606042857,1360.1502857142857
48.76665896666666,727.0109333333332
42.914659568000005,343.932
152.151960584,335.544
20.79999596,35.3008
115.08931343066664,413.8362666666667
6113.388138234665,447.392
294.550585026,659.9032
20.799994432,159.3824
192.39994834800004,313.17440000000005
836.835830116,872.4144
140.39994540600003,904.5696
56.569323550666674,598.3853333333335
3081.598741109333,0.0
161.19995672400003,123.0328
294.6665873333333,3422.5504
9.7533315,204.12106666666668
295.99996041,559.24
136.54663997333336,385.8733333333333
11.703998064,42.116
187.199926704,240.47253333333327
6005.99856087,525.6856
24.266663092,66.40853333333334
10.399998544,148.1976
77.99999172,212.51013333333333
31.21065956266668,85.4568
1443.866063574667,10502.534666666666
20.799997,31.4552
242.6666027333333,167.772
21481.197719688,4404.017066666666
77.99997978,184.5477333333333
232.266633524,0.0
5.851998856,67.1064
154.26662667600002,111.848
20.799994416000004,35.1248
74.53331343866667,687.864
103.99997416,570.4234666666666
118.9906443,195.73306666666667
190.6666421733333,190.1416
303.33326835,1929.3781333333327
18621.197249792003,11324.618666666664
218.39994187200008,402.6528
159.46662373333334,167.772
107.46663723733332,246.0656
230.53327259666668,134.2176
5.851999032,83.884
83.199978016,134.2176
7643.99793318,12303.2896
58.93332428933334,156.58533333333338
145.599960576,378.8821333333333
129.99996545,55.924
10.399997108,58.7176
10.399997188,53.12506666666666
322.39991506,648.7184
10.399995992,27.96133333333333
1636.2666112853333,2382.3624
31.21066173866668,8455.714666666667
6404.036981393332,973.0776
71.06665576066666,41.9424
2781.650248373333,796.916
143.86662771200002,89.4784
3518.6662931466667,1811.9376
10.39999726,67.10666666666668
181.411963792,0.0
29.25999318,0.0
3376.5336281306672,1090.5165333333334
253.06659999333337,0.0
175.55995380000005,190.1408
5077.796332700002,0.0
21.599991176,58.8936
183.73328386666665,156.58720000000002
152.53331109866662,0.0
60.66666022666666,184.5488
32.933320274,268.4346666666668
7.802665434666668,34.77653333333333
25.99998982,67.1064
25.99999608000001,369.09786666666656
77.99998803,50.3312
86.66664323333332,156.58693333333332
270.3999694673333,461.372
199.33327867,156.58720000000002
171.5999538,0.0
5690.532492885333,984.2624
39.01332306666667,216.0053333333333
29.259995600000003,26.03733333333333
77.99996946,0.0
3824.997838166666,0.0
58.51998856,264.23920000000004
12.133330104,72.69893333333331
504.3999249219999,0.0
536.3996000840001,134.2176
31.21065956266668,111.14746666666666
76.26664657333333,50.3304
7.802665317333333,28.484
154.10264233466668,1062.556
136.93329599266667,313.17440000000005
29.259995600000003,0.0
7.802665317333333,18.6968
698.5332293593332,1140.8496
51.99997964,15.377066666666668
20.799991968,56.79546666666669
5108.396310600001,0.0
202.8692982506667,654.3090666666668
9.753331866666668,53.12506666666666
72.7999804,50.3304
233.99988386666664,469.7616
21.59998928000001,84.58266666666668
35.111996604,162.17786666666666
177.51061819400002,156.58720000000002
183.7332839373333,167.772
124.799980944,279.61733333333325
15.599995775999998,0.0
25.99999724,106.25413333333331
20.799994544,90.6992
64.13331577066667,145.4024
157.7332920193333,67.1088
10.39999726,100.6616
20.799994416000004,51.02986666666667
128.74396572400002,195.7328
148.25063322666662,1235.9192
55.46664494933332,55.924
204.81995912,167.772
462.5998110193333,0.0
152.53327924266662,67.1088
3478.799058048,13656.652266666668
582.3998680639999,0.0
24.266660534666663,67.1064
32.93332447933333,83.884
77.99997879,223.696
1.9506663586666668,127.22613333333332
320.66661943,518.6946666666668
21855.594401604,4096.434933333333
77.99997923999999,0.0
20153.464527298664,3942.6448
696.7998121319999,2415.9168
21243.728095936003,8668.2264
157.73329092733331,33.5544
24.266657295999995,65.5344
10630.531730576,2102.7424
511.33326017333343,0.0
97.199927532,0.0
159.46666126933337,0.0
448.65320898,827.6751999999999
462.799821288,603.9792
40.963996038000005,167.7704
10.399997236,55.92266666666666
3040.198758022,0.0
25.99999277,0.0
165.80662892666666,89.4784
358.7999231340001,2153.0749333333333
74.53330466666667,525.684
5338.665878186666,2102.7424
21306.124991162666,3998.568533333333
65.86665159333333,363.5056
25.99999309,41.94
202.799945712,178.95573333333337
95.99998716,139.46
140.39996203799998,285.212
51.9999863,55.92266666666666
155.99995956,223.696
4376.665548933333,1834.3072
188.93329009666667,33.5544
164.66662176333338,190.1416
77.99997927,117.43973333333336
31.199995512,153.79066666666662
166.39997670399998,33.5544
923.8665298633334,671.088
199.33330289666668,581.6096
21155.33039599667,9395.239466666666
20.799996936000003,59.2432
244.39993561000003,190.1416
306.2546137053334,950.7085333333332
569.5945510346668,2231.3674666666666
157.73331058333332,0.0
20004.394514178,7605.6682666666675
6005.99832987,100.6632
337.59996187933336,234.87866666666665
873.5996902080001,822.0816
77.99998077000002,33.5536
62.399990712,134.21679999999998
247.866629296,833.2664
8209.065413205335,6330.600266666667
677.7332332373334,469.7616
23.407994672,89.47626666666666
22.53332734466667,185.9450666666667
147.3333114033333,41.9424
271.14269372533334,33.5544
202.799969814,620.7554666666666
8822.664953033334,6571.074666666668
11.70399824,66.93226666666666
29.259995600000003,16.776
77.99998029,0.0
64.13331690533334,0.0
212.62261870666663,1426.0610666666669
15.599997612,178.95546666666667
64.37198257600001,229.28586666666672
1738.043529552,2634.0210666666667
29.259995600000003,26.561066666666665
282.84662626,2004.875733333333
157.733309188,201.3264
3727.99950138,679.4757333333333
58.51999076,106.25413333333331
136.54663129333335,234.8808
2755.798632306666,0.0
9.75333143,109.0504
11399.694200048,9193.912266666668
77.99998893,629.144
83.199978976,0.0
79.73331266400001,117.4392
77.99996967000001,78.292
25.07999429142857,93.99485714285711
77.99998875,33.5536
345.599960976,343.9317333333333
58.51999076,184.5472
57.199985172000005,117.4392
320.66658033333334,0.0
24.266663092,33.028
157.73329068466666,22.3696
20.799994568,62.912
273.0932606266667,44.7392
2648.5326335093328,2919.2328
364.7746035853334,788.528
11.7039978,173.36346666666668
19406.394745344,3299.5178666666666
162.93328952933334,156.58720000000002
103.99995956,119.83714285714284
145.59996063199998,167.772
1198.3998646806667,2359.9928
77.99997957,55.92373333333333
774.7998846739999,771.7496
124.842637568,314.57066666666674
11.703998064,37.572
261.3892687453333,671.088
3241.599517812,973.0776
58.51998416000001,246.0634666666668
428.7999515813334,154.8376
192.39995597,156.58720000000002
10.399998412000002,75.4952
25.99999359,219.49946666666668
29.259995600000003,35.3
135.19996266400003,134.2176
3.901332541333333,44.5624
55.46665879466667,290.8037333333333
27.733329450666663,0.0
19.506663586666672,137.0128
11.703998064,23.765066666666662
36.39999167,374.6898666666666
11.70399736,83.884
2697.065948832,10099.882133333333
29.2599923,89.47653333333334
20.799994464,187.34346666666667
47.99999458,86.68026666666667
29.25999538,142.6050666666667
4970.297844512,615.164
10.399997188,78.29253333333334
386.2318901759999,44.7392
157.7333092486667,44.7392
167.19996662857145,83.886
29.25999494,50.3296
10620.130478151332,2027.2450666666668
98.799961848,0.0
69.33332322666666,0.0
181.999951,33.5544
190.66663843333336,55.924
268.6665943333333,1247.1037333333334
27.733326058666663,74.4464
1.9506663733333327,0.0
175.55996004,279.62
10668.663782023334,3388.9954666666667
156.05330752,671.088
259.9999619,128.62426666666664
157.7332912306667,55.924
271.142613754,156.58720000000002
112.66663819666668,469.7608
487.6665640000001,1107.2952
1375.2197932,3091.7982857142865
51.99999226,78.29306666666668
69.33330656,178.9568
20.799997,40.54213333333333
11.70399824,30.756266666666665
21515.863488938663,3718.947733333333
2082.599617418666,0.0
56.56932482666667,162.17813333333334
51.99999234,782.9349333333332
6.9333316106666665,26.2128
627.4666000586668,1767.1984
19397.728081024,4445.96
745.5999158093332,346.46986666666663
25.99999603,95.06906666666669
922.1331967866668,805.3056
21573.064376602662,4180.3216
181.99995114,234.8808
135.19996412,11.1848
261.7332671953333,682.272
51.99998578,198.52826666666664
183.36263771466668,1174.402666666667
83.199978272,69.904
135.19996266400003,11.1848
142.1332952853333,89.4784
29.46666248466667,114.64293333333332
8663.1976676,503.316
25.99999601,620.7552
29.25999538,0.0
565.0665832106667,313.17440000000005
55.46665186133334,139.80933333333337
4730.265940752666,1912.6008
4549.998775,671.088
25.99998982,41.94
25.99999631,134.21679999999998
5246.9962105,0.0
1603.3330965333334,928.3384
21.45732849333333,199.92613333333333
32.93332858333333,201.32426666666663
162.93329065733332,0.0
103.9999798,475.3530666666665
72.79998062399999,111.848
56.56932482666667,174.7610666666667
31.21065956266668,47.70906666666666
3095.7324951040005,2432.6952
54.61865845333333,211.11013333333327
21644.127406170664,4518.662133333334
2942.71953536,125.828
155.99997996000005,0.0
121.33330048,0.0
25.99998982,58.7176
2068.199620064,626.3488000000001
277.33335754666666,536.8704
25.358661709333333,167.77146666666667
1814.79973825,4496.2936
181.411950462,100.6632
58.5199846,184.548
109.199983746,150.9936
29.25999516,58.7176
77.99997978,33.55413333333333
21046.130346401333,4739.5616
29.259993400000003,134.21679999999998
21196.927699840668,4487.9032
580.799934418,229.28613333333328
62.42132394666667,171.96533333333338
476.99980513666674,0.0
15.599995824,162.17813333333334
249.6852939093333,329.95066666666673
190.66661533333337,480.9464
122.891975556,223.696
25.99999309,68.50453333333334
11.703997712,37.047466666666665
34.666661360000006,131.42053333333334
83.19997788799998,766.1576
77.99997864,0.0
28.799996202666662,62.73733333333335
23.407994672,53.99946666666667
4211.99937306,3333.0712000000003
10611.463797489334,1286.252
135.199949976,22.3696
142.1332952853333,201.3264
121.33331476,262.84133333333324
136.93329630866666,67.1088
27.30932437333333,103.98266666666667
27.733326250666668,328.5517333333333
1117.99971448,2516.58
10.399995928,23.7656
25.99999293,25.86266666666668
58.51999120000001,234.87920000000005
36.399990256,156.58613333333332
27.309330692,75.84506666666668
2303.737004228,3925.866133333333
146.2999708,203.7231428571429
194.1332817386666,201.3264
3050.66584064,447.392
129.99998065,234.88
23.40799648,163.57520000000002
25.358662472,103.45706666666668
20.79999452,25.8624
285.99995743,106.25413333333331
446.702544686,480.9464
5.1999979960000005,61.514666666666656
43.33332168333333,148.19706666666667
25.199996677333328,62.91173333333332
65.86664123199999,106.2536
201.0666598613334,167.772
630.399915684,1118.48
36.399990284,39.14586666666667
58.93332576266668,171.9648
135.19996365199998,0.0
50.26665516333333,369.0976
119.59996945599998,248.86
228.799910416,338.33840000000004
10.399997108,58.7176
36.399994694,192.9352
5.85199912,0.0
805.99980129,1431.653333333333
193.599974106,436.20613333333336
25.999993,93.67093333333332
870.3999017173334,1946.1554666666664
753.5999149060001,427.22693333333336
152.53329162133332,234.8808
142.1999812506667,335.544
21521.06091392,11100.922666666664
27.309327117333325,58.54426666666668
692.4865521199997,335.54240000000004
51.99998754,83.88560000000001
2741.398639453334,0.0
208.721292602,257.2504
44.865326249333336,181.7512
11.703997536,47.35866666666666
20.799994432,213.90746666666664
48.76665383333333,257.2485333333333
71.06664750600001,78.29360000000001
28.799996202666662,66.58319999999999
137.599981596,1093.6624
255.5373043386667,123.0328
991.9998879866664,1487.5784
167.75728683600002,201.3264
8779.330956159998,7130.314933333334
34.666657240000006,9.7848
25.19998749333333,55.746666666666655
149.0666273933333,55.924
3504.7990739240004,1375.7304
122.891988114,134.2176
97.5999889793333,234.87920000000005
79.73331198933333,67.10719999999999
31.199991456,10.484
21028.79445972,15860.06
542.5331883099999,1258.2896
29.259995600000003,55.922133333333335
752.2664664480001,1845.492
183.7332839373333,201.3264
25.99998966,106.25413333333331
11.7039978,24.46533333333333
97.06665221866665,55.9232
155.99995914,212.5112
25.99998989,0.0
45.06665479333334,243.268
77.99998839,95.0696
455.3998139606667,0.0
3.9013327173333336,31.97893333333333
103.99998464,240.47226666666663
58.51999076,215.3056
4.799999358,58.7184
21.457331258,36.0
187.199948736,111.848
29.25999538,211.81066666666663
797.3330266666666,1588.2416
77.99998889999998,419.4296
181.41196459800005,89.4784
135.19996266400003,67.1088
176.79995301199995,223.696
120.94131514666664,201.32586666666663
610.5585610813332,894.784
173.3332884,111.848
44.865328242666656,159.3824
183.3626184133333,192.936
140.399964522,162.17786666666666
1787.199760962,357.9128
265.29062078933333,782.936
157.73331058333332,33.5544
166.39997452799997,178.9565333333333
83.19998726399999,134.216
140.39998148799998,0.0
1459.0984362826666,3456.104
98.799973248,0.0
1.733332872,13.98
965.57980398,1364.5456
135.19997935600003,11.1848
19.506663586666672,134.21679999999998
11.703998152000002,120.23493333333332
84.93331033600002,0.0
133.46663170866668,78.29360000000001
23.407997344,42.98986666666667
213.199943256,671.0864
15.599995782,128.62426666666664
3568.9319441946664,2930.4176
29.25999416,206.9165333333333
11508.93160266667,6722.0688
226.2772890986667,738.1968
159.46662373333334,33.5544
213.199944076,0.0
320.66658144333326,1470.7997333333335
649.5718290599998,290.8048
152.53329226666662,134.2176
249.685284608,246.0656
175.0665985926667,257.2504
428.3999435146667,0.0
155.9999775,100.6632
11.703997975999998,53.47466666666666
19.06666156266667,139.80933333333337
23.407997344,65.36
11.70399824,24.8136
58.51999120000001,197.1296
84.93331049933333,100.6624
11.703998152000002,16.60053333333333
119.99998215,8.388
140.399961606,201.3250666666667
310.26658528133333,178.9568
157.73331058333332,78.29360000000001
1197.7091532266668,1409.2848
149.06664384799998,100.6632
594.5332482693333,223.696
95.33330741,69.9032
11.703998152000002,27.436266666666665
25.99999301,150.9936
29.259995600000003,190.13946666666664
12.133330108666662,39.1456
40.963993532,27.260533333333328
99.199986732,303.3866666666668
100.799986518,256.9
21.59998928000001,69.7288
22.533329892666675,218.1032
25.199981212,53.12666666666666
29.25999538,25.1632
1466.9011017173334,2768.238933333333
145.599977656,78.29360000000001
162.9332883386667,0.0
197.599946876,268.4352
58.51999032,92.2728
3061.065478737333,531.2765333333333
264.5998089,100.6632
10886.66776826733,6218.7528
27.309327117333325,64.31066666666666
249.599966616,310.3768
3078.3991498880005,760.5664
100.533306808,111.848
21730.7954031,10989.0752
91.86664207466669,206.9176
29.466655129333333,55.9232
22.533330066000005,39.32
296.39995668000006,1454.0232
71.06665614333333,55.9232
11.703998064,41.76693333333333
25.99999608000001,33.5544
177.27267763636365,152.52
6005.999103720002,167.772
27.309330692,33.028800000000004
3015.99920308,671.088
20.79999448,67.10826666666667
21053.060966144,4208.283733333334
224.32660541,212.5112
79.97731950266666,603.9775999999999
187.199950248,268.4352
159.4666237946667,100.6632
400.399942404,1778.3832
103.99997372,40.892
76.799991328,33.5544
176.79999401600003,279.62
37.06265691333333,201.3248
147.33327655333332,15966.315733333333
21429.191725032,4557.808533333333
147.33330471666662,0.0
2844.399238576,134.21679999999998
890.9331972946668,11676.9408
23.407994672,46.13573333333333
2323.2436681080003,4171.932
146.29997580000003,335.544
98.799989512,0.0
294.5506332453333,246.0656
7.8026650826666675,30.75573333333333
51.99997982,268.43440000000004
23.407994672,80.2136
103.999972,1112.8864
154.26660668066668,145.4024
230.5333003493333,145.4024
62.42132347733335,100.6632
19.066661592,117.43893333333332
62.421323008,58.7176
305.5999654926667,464.1674666666667
25.99998982,0.0
97.06664180266664,201.3256
159.46662373333334,0.0
3741.377629668,570.4248
3.199999524,58.7176
10.399997216,31.97946666666667
440.8505970586666,1937.7666666666669
25.199985757333327,32.5048
2669.3329596266667,1577.0562666666667
10663.463701402668,760.5664
10.39999726,131.42053333333334
25.99999308,162.1776
19591.861972154,6688.5152
21222.92761946667,3858.7584
259.9998996,81.088
14729.862700933332,3221.2224
187.199971272,257.2504
20.79999448,55.224
155.99995823999996,469.7616
34.66666181333334,25.164
25.99999613,68.50453333333334
87.77998548,391.4664
237.981299336,332.7466666666667
3038.532896252,11676.94
58.51999120000001,206.9173333333333
239.931952276,0.0
180.2666406666667,78.29360000000001
24.266663092,55.572
195.06661613333333,0.0
155.99995722,234.8808
8942.264310723334,1498.7632
36.39999475,240.472
29.466658846666668,34.60106666666667
21420.524839268,4943.684533333333
21649.32747136,4048.898933333333
51.999979380000006,170.56613333333334
2038.399695808,3635.06
25.99999293,31.456
134.595978748,1381.322133333333
159.46662373333334,167.772
91.68131954666669,79.68960000000001
407.3332236666667,1213.549333333333
51.9999863,16.776799999999998
25.99998996,53.82533333333334
10673.862561333332,5838.469599999999
55.46665245866666,173.36346666666668
278.9453377186667,525.6850666666668
21.599997152,36.1744
25.99999602,120.23546666666664
51.99998,318.76559999999995
296.399968536,1096.109866666667
152.15195845200003,67.1088
2635.350270373333,973.0768
279.0666257726667,86.68026666666667
60.66666022666666,257.2485333333333
13.654663792,156.58693333333332
337.46523714533333,671.088
10.399997236,41.9424
253.06659950666668,469.7616
29.25999582,62.912
5.851999076000001,14.6776
291.1999671186667,271.2296
140.39996301000002,100.6632
263.33995644,425.0210666666666
195.06662226666668,145.4024
1476.6544446133337,0.0
25.19998749333333,98.2144
103.99998664,408.2448
21657.99669299,4264.207466666667
329.3332465666668,369.0984
37.14284824285714,125.828
133.4666309386667,279.62
69.33332349333335,67.1088
27.733325909333328,62.388
689.8664220293332,178.9568
6884.799001704,10094.2904
21625.060911072,4082.454666666666
62.421322538666665,212.51013333333333
155.99995692000005,178.9568
10819.46508536,6621.4056
135.199964588,0.0
28.799996148,153.78986666666668
109.199957538,279.6189333333333
71.06664791600001,0.0
7.802665317333333,98.73973333333332
14787.064408795335,2810.181066666667
23.407994672,55.572
9.599998572,58.7176
22.399997004,268.43386666666663
310.2665849233333,536.8704
187.199952048,67.1088
24.266663166666664,32.85306666666666
150.79997071,167.772
5855.1984145920005,13421.770666666664
117.86663552266668,134.2176
2303.737004228,3937.0512
32.39998392,198.5290666666667
1807.866179933333,9730.784266666667
20.79999448,58.01973333333332
16074.92901164933,16148.068266666667
3556.7994787920006,27559.3712
9779.464571604003,637.5336
29.466655288,0.0
15.59999589,83.8848
25.199985757333327,93.32133333333331
97.06664012266668,0.0
19.066661511333333,117.4392
36.399994904,145.40186666666668
69.33332322666666,167.772
5740.19605627,1073.7416
13528.664038983336,7018.466933333333
97.06663986133331,0.0
11042.72233944,18208.870133333334
29.25999428,123.03066666666668
152.53331174399997,67.1088
56.569320148,125.828
77.99997888,0.0
818.1332464853333,4127.193066666667
314.05724628599995,838.86
9116.798970561333,13388.2168
31.199987868,44.7392
29.25999538,178.9544
25.99999613,76.89333333333332
145.59996919999998,234.8808
31.199995224,458.5754666666667
27.309327117333325,76.544
8.666663326666669,72.70026666666666
126.79330473333331,1056.9632
30.59998270533333,78.81573333333334
9117.330868146666,648.7184
3229.199149230001,1476.3936
102.26665581066663,223.69413333333333
261.7332315593333,167.77120000000002
601.4665806106667,268.4352
13.654664715999994,139.80853333333332
50.26665379066666,290.80346666666674
27.309328004,109.0504
77.99997923999999,16.776799999999998
38.999990385,0.0
71.06664753333331,738.1952
100.799986518,62.912
109.199972406,83.88586666666669
204.81995912,145.4024
46.799987508,226.49146666666672
109.1999769,1230.3272
173.33328666666665,67.1088
29.25999668,55.2224
34.666661360000006,173.3632
2883.199674438667,3053.4504
15.599996004,92.2728
5886.398406144001,12046.038666666664
150.799960908,0.0
84.93331683666669,0.0
131.733299184,341.1352
207.99994472,246.0656
77.99997923999999,67.10746666666665
25.999992820000006,40.54186666666667
10464.130753521998,246.0656
173.33331106666665,0.0
58.51999164,328.5514666666667
365.7332399306667,945.1146666666664
51.999986,167.772
281.5999682026668,480.9453333333333
21085.99429056,4320.132
124.84264174933334,145.4024
19756.530521826666,4227.856266666667
39.013327173333344,205.51866666666663
11.703996832,17.124533333333332
25.99999343,125.828
178.53330765199996,268.4352
181.411979416,536.8704
4803.064811943999,1744.8288
146.29996005,201.3264
10.399998516,95.07013333333332
64.13331712733334,134.21679999999998
81.46664608066666,55.92266666666666
25.99999293,16.7752
21158.791845724,4306.1512
58.51999076,385.8744
3251.760819897333,928.3373333333336
340.799961518,264.23866666666675
775.9999123766668,375.1256
179.46131297066665,346.7288
7.802665317333333,75.6704
25.99999405,587.2010666666667
103.99997224,436.2072
29.259995600000003,36.873066666666666
9647.731908437334,4731.1722666666665
603.1998454879998,14.329066666666668
84.93331164266668,1090.5162666666663
149.06664470799998,247.4616
21498.52504812933,5676.290400000001
397.9359548480001,1353.3608000000002
117.039978,234.8794666666668
25.9999962,134.2176
1.9506663733333327,33.5544
394.034554624,939.5232
77.99998805999998,0.0
58.51998636,328.5528
58.93332086666666,128.62453333333335
129.99996545,134.2176
71.06665658066666,419.4296
129.99996715,33.5544
25.99999912,131.42053333333334
257.48795160000003,464.1674666666667
23.407996128,25.164
29.466658778666662,160.77973333333335
117.03996968,0.0
11475.770101752,6878.656266666668
83.19997763199999,111.84666666666668
71.99999187,44.73626666666667
181.411950462,123.0328
507.8665916586666,290.8048
239.199963476,838.86
122.891975556,55.924
201.0666128426666,257.2504
10670.395859064,3031.081066666667
103.99997372,36.0
60.47065075333333,380.2816
25.99999626,64.31013333333331
78.39999114733334,51.72693333333333
154.2666253706667,111.848
71.066646768,55.92373333333333
152.15196963200003,33.5544
131.73331387733333,156.58720000000002
48.76665859999999,364.20293333333336
71.99999036999998,25.164
29.259993840000003,23.06666666666667
62.421322538666665,732.604
27.733325909333328,185.9453333333333
207.99997088,145.4024
1107.9784417386668,760.5664
9696.264589428,6990.504533333332
253.4999326275,0.0
676.8812213680001,355.11706666666663
22.533329892666675,167.772
31.199991516,14.679200000000002
57.19998493000001,83.8848
95.33330766666668,274.0272
15.599997618,385.8744
13.654664510666668,159.3824
221.86658039466667,156.58720000000002
3191.289826853333,46.1352
27.309330692,107.30213333333332
21.599991176,85.45706666666668
27.309330692,30.580533333333328
11.703997975999998,45.78586666666667
58.51999076,1001.0389333333331
3059.998749933334,0.0
25.99998998,60.11573333333333
169.707970652,626.3474666666667
155.9999622,1691.7005333333334
198.967948456,156.58720000000002
655.199767656,626.3488000000001
9568.017482100002,536.8704
77.99997942,0.0
48.59997588,234.88
176.79995369199997,178.9568
27.309330692,72.52560000000001
36.399985566,324.3584
118.99063535333332,894.7824
41.599988432,377.4856
239.931940714,0.0
144.34930511466666,398.4573333333333
11.703997536,15.201866666666668
37.062662461333325,70.77786666666668
155.99995823999996,223.696
11.703997624,20.619733333333333
11791.864911492668,1789.568
77.99998869000002,67.10719999999999
25.99999293,12.5808
204.53327826666663,458.5768
58.51999076,0.0
21.457328332,157.98426666666663
262.7998102,134.2176
1.7333328673333332,78.29146666666666
651.5225637946668,167.772
392.083888512,760.5664
81.59999078599998,33.551199999999994
11.70399824,85.6304
74.53332272666667,419.4296
161.199976192,69.904
157.7333091273333,134.2176
23.99999679,104.856
35.19999602533333,107.65226666666666
152.151970256,352.3192
29.259995600000003,33.55253333333333
1545.5998254760004,1950.349333333333
23.407997344,45.086400000000005
25.99999617,54.1736
325.761243042,939.5232
353.07056603066667,1073.7408
148.25063292266665,89.4784
169.707961372,178.9568
51.99999242,201.3248
77.99997864,0.0
21826.12492187733,6193.586933333334
21.59998928000001,90.1752
3877.197808664,0.0
21.59998928000001,96.4664
356.7999597113334,281.016
57.199991486,0.0
109.23730425066664,145.4024
485.3332026666667,671.0871999999999
28.79998570666667,101.53493333333331
36.39999031199999,65.536
1045.199845632,369.0984
71.06664734199998,0.0
176.79997728799998,279.62
65.86664893333332,50.3304
3.466665933333333,139.80933333333337
140.447976768,268.4333333333333
178.53328595333332,201.3264
147.33330471666662,0.0
580.6665829166667,503.3152
128.26663233066668,301.9896
29.25999538,163.57520000000002
21651.063602208,9702.8216
77.99996907,0.0
97.066628176,0.0
10630.531730576,7493.82
155.99995823999996,100.6632
292.60002920000005,33.5544
204.5332816493333,111.848
23.407994672,59.94106666666666
72.799980288,167.772
11.703996832,28.484533333333328
173.33330833333332,190.1416
19.06666140133333,84.58373333333334
51.9999862,0.0
124.84264507733332,1090.5168
368.675895168,1342.176
169.86660061466668,134.2176
134.59596936399998,134.2176
20.799994256000005,62.5632
11956.530095871996,2281.6992
29.466658835333327,209.712
77.99998029,184.5472
223.599968696,0.0
31.199991564,274.02533333333326
134.595976724,933.929866666667
21.599983896000005,57.66906666666666
1214.399837574,343.9314666666667
11.70399824,24.814400000000003
29.466655129333333,138.4112
1003.59985139,984.2624
84.93331131600002,100.6624
8200.398747862,5883.209066666666
3.4666657360000004,41.94
5.199998618,61.51386666666669
2620.7989293546666,838.86
348.399949884,413.8376
25.99999306,109.0504
597.99986453,671.088
97.53331646666666,587.2005333333333
31.199991648,144.00373333333337
23.407997344,47.53253333333333
105.73330511066666,195.73306666666667
206.99989726666664,447.392
88.399965932,1015.0194666666667
366.72522905599993,939.5232
19.066659304,132.8176
232.1292931906667,260.0456
198.96794764,346.7269333333333
29.466655129333333,54.5232
24.266657295999995,67.80666666666669
118.99064787866664,78.29360000000001
21495.063500278,5676.290400000001
27.309327117333325,56.79573333333333
27.733322624,38.79626666666667
10510.930535807998,6543.112533333332
27.733326058666663,80.91333333333331
11.703997624,36.17386666666667
103.9999724,44.7376
77.99998851000002,33.55146666666667
188.93329009666667,290.8048
144.3493477386667,548.0536
57.199991486,67.10719999999999
57.199991882000006,257.2496
11.703997712,26.387466666666672
20.799996936000003,55.746666666666655
33.161327598666674,75.4952
2757.598631413334,0.0
21356.394315911995,4264.207466666667
24.266657295999995,34.77573333333333
135.19996365199998,0.0
71.99999187,34.949333333333335
5.199998601999999,61.5144
21.599987792,46.13573333333333
23.407997736,33.552
25.99999912,159.38186666666667
17.333330680000003,164.97413333333333
202.799920596,525.6848
648.2664931306666,16.076266666666665
5.199998618,134.21573333333336
31.199987784,167.77093333333332
93.599975124,922.7456
10661.730462866666,6766.808
2713.376925306667,2248.1456000000003
15.605330986666669,146.8
23.407997344,47.00933333333335
136.93331337266665,0.0
21.457329784,67.10666666666668
90.133309344,33.5536
5511.596884925333,0.0
117.86663688266668,134.2176
185.4666383473333,704.6413333333335
674.2664861706668,12.5816
6384.530991916,134.2176
200.918611802,301.9896
11337.272706085334,10938.7424
2705.7332417546672,2963.973066666667
175.55995380000005,150.9936
10757.063770533334,5156.194666666667
734.3999170740001,377.4858666666666
21124.127711064,4543.827200000001
2073.599619072,0.0
188.9332827573333,218.1024
142.133294356,44.7392
11.703997712,51.55253333333333
121.33331611333335,167.772
161.199957778,100.6632
83.199987712,0.0
35.111994456,213.2085333333333
166.39997599999995,234.8808
159.46664372799998,301.9896
23.407997736,29.008
282.84661775333336,852.8408000000001
27.733325973333336,37.39706666666667
25.99999602,267.3848
24.266663222666665,81.08773333333333
21068.663741363333,13242.814133333331
29.25999538,0.0
97.53331793333332,356.5128
20.799994544,38.796
192.399924668,402.6528
146.2999667,100.6632
29.466662314666664,201.3256
622.2625730933332,4362.0744
29.25999494,67.108
47.99999358,57.319466666666685
155.99997779999995,33.5544
5.85199912,111.848
25.99998998,11.184
77.99998029,54.5232
155.9999775,123.0328
282.84669489333334,223.696
77.99997900000001,150.9928
161.19997532399998,257.2488
23.407997736,111.1464
122.891988114,167.772
79.97731950266666,395.6602666666666
51.99997996,1082.128
162.933308392,0.0
183.7332618893333,100.6632
36.3999902,27.961866666666666
192.39994834800004,682.2717333333333
296.39993730000003,1347.7674666666665
5.851999076000001,152.39173333333338
155.9999775,33.5544
988.987799228,626.3488000000001
103.99998464,83.884
379.599944958,1325.398666666667
103.999972,78.2928
19.06666375533333,109.05013333333332
24.26666022666667,37.92133333333334
20.799991968,52.60106666666666
11.703998064,84.05866666666668
6.933331456,83.884
6005.99764842,346.7288
21203.864415794666,3621.080266666666
74.533313152,78.292
169.86664072933337,100.6632
1409.599811466,455.77946666666674
162.93331052266666,89.4784
102.266642162,313.17440000000005
932.4184773786668,1084.9256
107.46663789866663,195.7328
128.26663233066668,44.7392
29.259995600000003,95.0688
134.59597373399998,413.8376
93.599975124,81.08773333333333
58.933324924,70.95173333333334
66.32265669333334,0.0
5.851999032,0.0
116.13330398733332,458.5757333333333
25.99999619,201.3248
317.95861168133337,782.9357333333332
34.66665812,106.25413333333331
23.407994672,74.6216
29.25999538,190.8392
136.93330436666665,33.5544
11.703996832,16.7752
25.99999304,134.21679999999998
152.151960584,44.7392
3017.680698032,7985.952533333332
3628.797998784,0.0
5.199999258,76.89333333333332
29.25999538,75.4952
13164.66480336,3159.708
8432.664438496666,1040.1864
5329.998542449999,3154.114133333333
77.99998875,83.884
10.399997236,36.3488
28.799996202666662,68.85573333333333
21163.99422874,4608.14
5.199998618,36.349066666666666
5969.5983928000005,648.7184
159.4666245306667,0.0
133.46663150333333,134.2176
25.99999617,63.436800000000005
27.73332247466666,198.5288
3948.532352274666,492.1312
395.00993169,335.54314285714287
4050.798423304,2449.4712000000004
32.933328304666674,92.2728
31.1999934,184.5472
129.99996545,78.29360000000001
232.26663682933332,603.9792
77.99998878,16.776799999999998
366.3999509940001,531.2762666666667
103.38530580866669,201.3264
1095.4665090879998,2281.6992
109.199970474,123.03173333333336
5.851998856,171.964
21919.72771850933,4194.3032
93.599963604,321.5618666666666
20.799996936000003,51.3784
784.1678643920001,648.7184
5763.5960401933335,0.0
200.91863796400003,721.4184
11.70399692,39.32
21274.93019118933,5452.593333333333
22167.370098296,1297.4368
100.53332266133332,41.9424
25.199985757333327,75.496
95.33330733666668,1196.7736
91.866642852,162.17866666666663
34.66665309333334,226.4904
14757.596106264002,3646.245066666667
10706.795527851998,7583.298400000001
103.99995956,301.9896
1988.9996346133328,536.8704
159.46662465333338,22.3696
11.703996832,36.6984
1294.399826874,380.2821333333334
601.4665806106667,0.0
147.33329264666668,447.3922666666666
20865.863769521333,4160.7472
76.26664669066666,0.0
22.53332730133333,132.81866666666662
109.23730425066664,201.3264
25.99999306,243.268
489.61725970666674,1554.6871999999998
161.19993731800002,55.924
4028.265665797333,1879.0464
135.19998024,0.0
77.99997939,0.0
701.9998955100001,973.076
233.99994006,679.476
28.79998823466667,63.26213333333332
7.802664848000001,125.828
32.933320438666655,67.108
98.799961848,0.0
175.06664081066668,44.7392
140.39994578399998,587.2016
202.79997075,145.4024
112.66665470666663,132.12
266.39980760000003,67.1088
25.199981212,51.028533333333336
36.399990676,95.06906666666669
29.466659402,150.99439999999998
29.259995600000003,89.47653333333334
20.799994544,75.8448
21626.796805888,4854.2072
135.19996412,67.1088
305.06658558933333,1146.441066666667
20.799991968,116.04106666666668
10.399998407999998,153.78933333333336
71.06665679933332,0.0
966.3998908773334,1621.796
539.0665841480001,76.89333333333332
202.79997075,257.2504
88.39997735600001,285.21173333333326
2761.19927253,335.544
204.5333028893333,531.2768000000001
317.19987751199994,880.8024
143.86664547400002,188.74106666666668
25.99999301,155.188
494.9999347333333,0.0
29.259995600000003,25.68773333333333
62.399984232,16.776799999999998
161.19997532399998,89.4784
5.85199912,0.0
16069.729031589331,15421.055733333333
77.99998077000002,50.3288
102.26663929066666,274.0266666666668
76.26664639733332,796.9151999999999
181.41196459800005,33.5544
428.1332180666668,497.7232
761.5999140026668,432.4370666666666
51.9999862,67.1088
22.28570556,57.67
158.00396916600002,0.0
157.73331143266668,134.2176
291.19992260799995,223.696
21.599987792,74.44613333333332
443.733223936,1096.1103999999998
236.03062229999995,357.9130666666666
83.199977376,89.47706666666669
117.03998064,67.1088
10727.597111800002,3534.398133333333
58.51999120000001,206.91866666666664
17.555997096,47.53253333333333
13400.3963922,15281.245866666668
20292.127838848,4306.1501333333335
6075.332489796668,1314.213066666667
90.13332033333334,134.216
102.266652192,100.6616
3185.4378283933333,62.9128
29.25999318,27.9608
58.51999120000001,212.5096
28.79998372266668,88.6032
485.9996661,268.4352
11.703996832,37.922133333333335
146.29997690000002,202.72266666666664
98.799972944,369.0984
24.26666022666667,60.640800000000006
20.799994544,72.35093333333332
247.73460977066665,367.6970666666667
9862.662858160002,5748.990666666668
95.33330781333332,83.8848
25.99998989,257.2504
5.8519987680000005,86.68026666666667
785.199788298,134.2176
29.25999516,8.388
74.53332232533334,363.5048
161.19993731800002,134.2176
95.33330700666669,0.0
25.99999308,176.1592
10.39999762,5.592266666666666
39.86665116466667,148.19813333333337
11.703998152000002,42.29093333333333
5.8519987680000005,27.61066666666667
698.5330856226666,671.088
48.59997588,268.4336
5.851999076000001,24.81466666666667
103.99997224,301.9896
138.66662837333337,100.6632
51.99998608,12.5808
71.06664728733331,44.7392
11.199998501999998,265.63786666666664
129.9999494,390.0672
608.399862174,89.4784
34.66666166666667,237.67573333333328
152.15196963200003,55.924
166.399956416,167.772
31.199987784,212.50853333333333
13.654663586666665,274.0256
670.7998973159999,1470.8
3700.413641022,559.24
19.506662266666662,190.1405333333333
60.47065075333333,237.67546666666672
110.93331630933336,111.84693333333333
55.46664509866667,307.58
25.99998982,148.19813333333337
76.26664657333333,173.364
31.199995632,134.216
6935.064826206668,682.2728000000001
191.99997432,425.72
24.266660068,72.17466666666668
3029.398762434,1073.7416
75.59996248,187.34426666666664
58.51998988,184.5472
3842.997880656667,0.0
4281.332705953334,3005.915733333333
192.399924668,447.3904
25.99999293,33.552800000000005
51.99998668,173.36373333333336
235.7332424853333,335.544
10.399997232,33.55253333333333
17366.264201992668,4334.113333333333
178.53328540400005,44.7392
197.01730370666667,603.9775999999999
3083.199541374,1532.3176
230.53330371866667,436.2072
181.41201810400003,55.924
766.1332192973332,1017.8162666666668
64.37198741600001,220.89786666666663
79.73331100800002,1090.5168
263.4665642186667,212.5088
1.7333331106666667,54.5232
206.7706278,464.16826666666657
1098.2251103853332,917.1536
113.138640296,515.8976
21.59998928000001,92.62106666666668
27.733325856,72.17546666666667
25.99999602,86.68106666666668
77.99997900000001,67.10719999999999
129.99996520000002,167.772
58.51999032,128.62346666666664
51.999986,0.0
36.399985748,192.936
114.399968716,279.61866666666674
72.799989164,111.8472
242.66663269333333,0.0
7.802665376,40.5424
259.9999343,145.4016
175.5599736,425.0216
9994.397343796,2035.634933333333
154.102624586,156.58720000000002
18674.928276736,3145.7264
148.2506282613333,402.6528
5877.7324471520005,615.164
811.1999138879999,1319.806133333333
187.199952696,44.7392
11.703997712,18.872533333333333
175.55995206,156.58720000000002
228.799938576,766.1578666666667
124.84263581866664,89.4784
3092.397694444,0.0
27.73332247466666,194.3336
1408.381121546667,0.0
350.1332386626666,486.5376
10.399998544,150.9936
3322.7995041359995,1487.5784
24.266660142666662,62.5632
29.259993840000003,0.0
91.86664161533336,134.2176
69.33332309333335,134.2176
7.802665317333333,19.397066666666667
9004.665322893334,1207.9584
5.85199912,55.924
6005.999103720002,648.7184
154.26662459933334,167.772
25.99998996,41.94
31.199991648,191.5368
21817.463326916,4110.417333333334
67.59997353199999,190.1416
27.733325909333328,180.35306666666668
280.895945184,100.6632
10.39999726,95.06906666666669
72.7999804,671.0874666666667
21.599987792,68.15626666666667
20.799994416000004,38.44506666666667
171.599955054,167.772
168.13330947133332,313.17386666666664
175.0666187926667,156.58720000000002
21148.391613846,7628.038933333333
3997.7977405026672,0.0
31.199992308,178.95546666666667
93.599974944,201.3253333333333
150.20129334466668,139.80933333333337
60.470650298666655,192.9368
155.99997696,352.3208
54.61865576533333,150.9928
3090.5987374326664,0.0
97.0666400853333,22.3696
60.47065711866666,67.1088
159.46664219466666,0.0
29.25999516,78.29146666666666
51.99998608,167.772
36.39999442799999,170.5672
192.399947978,89.4784
31.199991648,173.3632
5.85199912,128.62426666666664
131.7332980693333,173.36266666666663
261.3892687453333,0.0
21.599987792,88.77706666666668
77.99998215,33.55413333333333
187.19995032000003,55.924
25.99999301,134.21679999999998
7935.197891067999,4630.510133333334
31.210663648,42.11626666666667
52.667990892000006,240.4730666666667
20.799994344,74.796
27.309327117333325,47.184
126.533299072,0.0
19690.663781226667,5326.7648
21.59998928000001,95.59306666666669
10.399997236,48.9312
2359.9997335166668,0.0
2643.3329632666664,1286.2512
152.533292736,771.7511999999999
55.46666077866666,281.0168
339.7332418666668,134.2176
15.605330752,64.31013333333331
3.9013326586666666,29.008
1261.866181333333,2113.9272
6503.465090826667,1454.024
36.399985748,223.69386666666668
10.39999726,75.4952
11.703998064,31.1056
3910.398449376,1588.2416
10.399998412000002,0.0
27.73332602666667,63.2632
77.99998485,0.0
413.5412524906666,984.2624
25.99999666,185.9453333333333
6007.7310134240015,301.9896
11.703996832,70.25226666666666
233.99996994,682.2728000000001
95.33330700666669,0.0
3211.8659785860004,1398.1
25.199996677333328,64.66026666666667
103.99998464,139.808
67.599990406,33.5544
10826.397122675997,7426.712
103.99997236,1241.512
29.259993400000003,176.1584
77.99997864,0.0
74.53332189533334,156.58693333333332
21652.794137088,3758.093866666666
161.199958212,22.3696
25.99999304,137.01306666666667
150.79995992199997,576.0165333333333
25.99999301,187.3437333333333
233.99996661,134.2176
19.799991911333333,65.35893333333333
21545.3275741,6990.5056
313.5999645893333,364.9032
77.99998851000002,89.47653333333334
25.99999302,54.5232
149.06662659066666,0.0
7.802665144,260.0445333333333
593.0025641173332,738.1968
206.2666361233333,100.6632
260.79997055133333,457.1776
20576.394428544,3788.853333333334
28.79998372266668,47.357866666666666
21713.460787328,4529.846666666667
5.199998592000001,0.0
15.605330048,137.01226666666665
9.599998572,27.96
25.99998982,19.572
431.0972458173333,2600.466933333333
187.199950248,301.9896
8995.99762298,659.9032
45.06665635333334,296.3952
15.605330282666664,13.98
140.39996301000002,67.1088
22.53332763933333,219.4989333333333
25.99998989,41.94
745.3331349599997,1375.7304
115.089306508,310.37733333333324
5732.996061216666,0.0
25.199985757333327,52.25226666666667
25.99999359,159.3816
417.7332171713333,1375.7304
142.1332785573333,209.712
10402.903612552,2304.0696000000003
157.7333130706667,100.6632
31.199991516,39.8432
11.703996832,72.1752
5.19999863,120.2352
103.99998896,67.1088
74.53331401199999,128.62373333333338
93.599977572,67.1088
102.399984768,246.0648
121.33330085333333,153.79013333333333
20396.125457288,4082.453866666666
13960.262886656,3690.9864
169.8666211946667,223.696
46.799986986,402.6512
48.76665933333334,188.7413333333333
21209.060956533333,3646.2448
1.7333328693333334,23.24133333333333
102.26665156266668,0.0
4872.398092268,1677.72
294.5505882473333,581.6096
27.309329226666662,173.36266666666663
64.371989836,229.2872
86.66664476666666,145.40213333333332
2199.999751583333,0.0
3684.808312014,391.468
39.86666091666667,223.6952
50.71732456266668,229.288
303.3332537666667,0.0
28.79998823466667,65.53413333333332
168.1332679553333,67.1088
102.266639212,134.2176
6922.931565322668,1040.1864
1236.799834578,329.95120000000003
173.3332879333333,458.5768
19.50666344,178.9568
25.199985757333327,76.54480000000001
152.99993749666663,78.29360000000001
35.111996604,176.1592
601.4665806106667,0.0
29.466655129333333,90.87466666666668
232.129288034,0.0
51.99998616,145.4024
2521.99901933,369.0984
253.58661718,346.7288
34.66665738666667,732.6026666666666
228.2279571,469.76
32.933328368000005,318.76559999999995
21493.32505013333,5452.592799999999
385.5999564593333,141.9064
81.46664489,0.0
167.75731710800002,334.14453333333324
71.06665660799999,307.5816
43.333321600000005,0.0
497.4665931946666,301.9896
10.399997188,145.40053333333333
25.99999602,246.0637333333333
103.99997128,307.5805333333333
25.99998914,33.5544
2010.6661531733328,2483.0256
155.99997618,223.696
31.21066312533333,152.39253333333332
2144.132763488666,1062.556
146.29997690000002,202.72266666666664
3114.799226092,1677.72
8333.995403953333,0.0
32.933328292,162.17839999999998
25.99999724,192.93546666666668
31.21066312533333,152.39173333333338
181.99995163,436.2072
17.555997228,190.13893333333328
2145.599757726,0.0
62.399984016000005,33.5536
46.81599260800001,11.1848
675.1999237586667,556.4421333333333
3801.598446976,335.544
21.599997152,62.038933333333325
187.263973248,738.1968
11.703997712,64.4856
38.13332783333333,159.38320000000002
176.7999524,55.924
43.33332341666666,380.2824
25.99999612,89.47653333333334
109.23731444266669,234.88026666666664
31.199995632,58.7176
169.86664255866668,167.772
214.933302664,346.7288
11.703998152000002,43.86293333333333
176.79997450000002,156.58720000000002
103.99998825666664,109.0504
22.533330135333337,79.68960000000001
492.2665297786666,363.5048
83.199978976,128.62453333333335
17510.128646005334,6808.751466666668
25.19998970533333,60.816
27.309330692,112.19546666666666
22.53332734466667,150.9936
138.497319938,377.48426666666666
120.94130150666663,922.744533333333
136.93331310933334,89.4784
121.33330556666668,0.0
2166.666141666667,4823.448
265.290594224,100.6632
31.199996688,139.80853333333332
17.333328953333336,183.9030769230769
24.266660152,54.3496
53.73331905266665,240.47253333333327
1498.111684608,2415.9168
3541.199030256,89.4784
9.753331793333334,17.3
171.599973732,150.9936
11.703996832,69.55413333333331
64.371989352,306.1816
72.79998042799998,27.961866666666666
129.9999808,0.0
77.99997660000002,0.0
10.399998412000002,22.369066666666665
10.39999726,89.47733333333332
22.53332763933333,250.2578666666668
114.39998328,89.4784
103.9999724,34.25173333333333
77.99997816,134.2176
261.38928813066667,827.6751999999999
152.15196973599996,89.4784
9710.416622368,1968.5248
255.5373043386667,89.4784
20311.197008004,3984.587466666667
181.41195300400005,190.1416
3043.732874432,1722.4592
24.266660152,52.6016
25.199996677333328,69.02986666666668
122.891968164,67.1088
27.733325909333328,176.1592
176.799953624,134.2176
146.29996005,0.0
71.06663698266665,192.93733333333333
3.4666657413333337,61.51386666666669
88.39997766200001,184.5477333333333
564.7999244580001,615.1629333333333
5.199999258,83.884
227.066631908,198.5296
169.86664216666668,212.5112
25.99999613,201.3264
489.61719762600006,1420.4696
118.990655158,331.34959999999995
256.533294064,1697.293333333333
165.80662371333332,78.29360000000001
10810.797126822,7583.3008
298.452029784,335.544
71.06664764266665,156.58720000000002
10.399997224000002,106.25413333333331
131.39993478666668,173.36266666666663
15.599995824,146.7992
145.59996063199998,123.0328
142.3986291933333,1118.479466666667
88.39997558799999,111.848
183.7332832306667,0.0
199.33328043333333,89.4784
187.19995716000005,190.1416
20824.260972030665,6067.757866666666
74.53330460933334,13.9808
55.46666077866666,262.8410666666667
23.407994672,51.3776
208.721292602,0.0
145.59995923199995,0.0
152.15201518400002,223.696
71.06664810733332,313.17440000000005
24.266663166666664,49.2816
5.85199912,120.23546666666664
77.99998869000002,229.28666666666663
269.192026864,67.1088
103.99995928,111.84666666666668
39.866655826,57.319466666666685
369.199945614,134.2176
29.25999494,89.47653333333334
342.39996133733337,459.9738666666666
177.51063123733329,178.9568
315.46658124799995,566.2285333333333
154.266643052,67.1088
159.46662465333338,89.4784
317.9586164626667,609.5698666666667
135.19996412,167.772
2883.1996143720007,1275.0656
31.199991648,170.56666666666663
3659.0657026433337,357.9136
25.99998982,206.9165333333333
5.85199912,39.14533333333333
6735.732338517334,6632.591733333333
18513.728534004,8947.8472
195.8666218433333,0.0
25.99999309,90.87466666666668
22.53332742266668,91.39866666666668
271.9999692866666,391.4664
71.06664764266665,0.0
25.99999296,75.4952
6576.265045364,1756.0136
127.79997652266664,0.0
154.26662620133334,123.0328
1880.66616395,1342.1744
76.26664601600001,167.77120000000002
181.99997473,67.1088
129.9999655,212.5112
204.81996003,156.58720000000002
36.399985972,212.50986666666668
11.70399824,36.69813333333333
155.99995823999996,369.0984
27.733329248,57.844800000000006
2149.3330183733333,749.3815999999999
162.93331014666666,167.772
5491.1985216,346.7288
1595.199819875333,2113.9272
195.8666415053333,67.1088
105.73331812399998,268.43440000000004
5.1999986,36.34826666666667
105.335971956,67.1088
25.99999359,162.17866666666663
3.9013326586666666,26.38693333333333
29.25999538,232.7816
77.99998002000002,29.3576
47.99999358,229.28613333333328
28.79998570666667,70.77680000000001
27.309327117333325,91.7472
10.399998516,67.108
195.8666384166667,55.924
58.51999076,218.1024
58.51998988,142.604
166.39997536,100.6632
158.003956854,346.7288
51.99999226,83.884
9020.265306688,704.6424000000001
78.39998833800001,195.7336
138.66662933333336,89.4784
7.802664848000001,139.80933333333337
90.13331024533336,190.14
239.199974608,324.3592
51.99997964,134.2176
207.9999452,290.8048
21566.12488936267,4180.321066666667
152.15198528400003,33.5544
25.9999931,70.7776
155.99999472000005,223.696
103.99995928,114.64293333333332
60.47065711866666,55.924
77.99998131000002,335.544
175.55995206,100.6632
161.19993744200002,190.1416
77.99998805999998,29.3568
97.53331793333332,419.428
88.399976098,95.07013333333332
19.506663586666672,735.4008
21439.594260784,6845.102666666668
27.309327117333325,68.8552
1.7333328673333332,58.7184
3017.599659262667,497.5637333333333
209.73330227666668,346.7288
5.8519989,162.17866666666663
146.2999667,212.5112
146.2999667,134.2176
135.19996380799998,67.1088
111.09087952363636,480.4363636363637
284.7972840826667,805.3056
705.4664164973334,313.17440000000005
15.599993934,83.884
25.99998998,53.12506666666666
25.99999313,699.0490666666668
27.309330692,33.203199999999995
157.73329147333334,11.1848
102.26663952666668,32.1544
5.19999862,41.94
211.466636248,111.848
103.99997416,520.0930666666666
11434.806194504,1722.4592
415.491884838,715.8272
9605.080139013333,6476.0032
168.1332881313333,145.4024
52.66799168399999,184.5488
158.00401576800002,201.3264
27.309327117333325,49.45626666666667
21467.32504364,4487.903466666667
181.411950462,78.29360000000001
6798.131539672001,8187.2792
77.99998839,251.656
171.59997525,156.58720000000002
60.66665801,72.17466666666668
21288.794301152,5089.0872
3137.3328868666663,11374.950666666664
3021.1988333520003,1901.416
15.605329696000002,130.0224
51.99999232,402.65173333333325
140.399978562,22.3696
209.7333039706667,0.0
25.99999309,54.5232
120.94134540266668,212.5104
181.99995401,100.6632
10703.33076865,6587.851733333332
5.85199912,27.96
707.1998626399999,1118.48
10.399997252,50.33066666666666
140.399964522,419.42933333333326
58.51998636,301.98906666666664
353.5999252,1124.0712
207.99996928,548.0551999999999
152.5332942613333,201.3264
222.375968232,777.3421333333333
150.48001501714288,107.85342857142857
39.86665576466668,167.7704
19.50666344,69.90293333333332
32.933324175333325,306.1826666666668
932.5330854946666,11386.135733333333
431.0972458173333,2030.041066666667
20964.66114328333,12594.0952
109.19998425,285.2112
228.7999516,956.2984
27.733325952,148.19786666666667
27.73332247466666,170.5672
67.59998133200001,369.0984
17.555996039999997,27.96133333333333
2430.399674934,1090.5176
181.99996465,100.6632
27.309326968,150.99333333333337
71.06665630733332,0.0
28.79998372266668,68.1552
146.29996699999998,110.44853333333334
5.8519989,213.9064
6389.064966192,2225.7752
2299.835671452,4451.553599999999
21231.594291966,4781.5056
62.399975904,240.47093333333328
156.05331104,268.43440000000004
1051.2697944885713,1003.636
155.99997618,78.29360000000001
103.99997188,503.316
11.703998064,40.0184
21796.66064743333,4764.7272
9.599998572,39.1448
155.99997612,285.2112
204.81996766,299.192
28.799996148,78.29146666666666
23.407997344,69.204
25.358664214,38.796
90.133308824,52.4272
103.999972,301.9896
679.9999232166667,346.7274666666667
1107.9784500693331,1202.366133333333
28.799996202666662,68.156
310.266582656,507.5096
152.15196963200003,212.5112
17990.262355922,14568.214133333331
31.199991552,100.6616
2190.598287841334,1420.4696
20.799997,38.09653333333333
71.06665660799999,0.0
20.799996936000003,40.89173333333333
126.79330447333334,145.4024
24.266660469333328,220.8992
20.79999524,32.154133333333334
21366.794321362,6445.245066666666
33.599995506,109.04986666666667
15.599997618,131.42053333333334
155.99997612,78.29360000000001
105.7333221093333,0.0
142.3986441826667,0.0
152.53329232533332,335.544
126.79331236,794.1208
161.199954864,33.5544
162.93330958266662,167.772
1.7333328953333331,125.828
23.407994672,50.8544
8449.997754249998,2516.58
18929.73042834733,4012.5488
11.703998152000002,157.98426666666663
1064.2663764493334,2617.2432000000003
24.266660208,66.23413333333332
161.199954864,89.4784
21.599987792,71.30160000000001
10.3999972,81.08773333333333
116.133302424,503.31493333333344
107.46665067066664,150.9936
27.733325973333336,73.9232
19.066661797333328,209.712
24.266657295999995,57.1464
190.66661548000005,134.2176
166.39995737600003,536.8696
514.975918688,682.2728000000001
23.407997736,110.44906666666668
28.799996748,103.45786666666667
31.199991720000003,202.72266666666664
3927.731809070665,9764.3376
50.266647294666654,262.84053333333327
161.19995604200005,55.924
220.133299636,212.5112
156.05330218666668,44.7392
323.8106155386667,52.0776
282.5997959,145.4024
76.075982684,16.776799999999998
68.27332255333334,369.09706666666665
207.99997088,0.0
77.99998131000002,0.0
27.733326058666663,47.184
81.46665491666667,111.84693333333333
653.4664909846666,24.464266666666667
71.06665630733332,0.0
10.399998464,11.184533333333333
192.39992570400003,145.4024
22.533330204666672,218.1016
19541.597091308,6179.606400000001
173.33328579999997,279.62
220.13330505466664,514.5008
15.605330986666669,199.9269333333333
25.99999405,542.4613333333335
25.99999293,11.184
77.99998893,117.43866666666668
150.20129945333338,1554.6863999999998
523.4665893546667,125.828
197.5999715,234.8808
90.13330910133332,83.8848
27.309327117333325,90.6992
77.99997906,184.5488
24.266663092,64.48613333333331
764.3998900439999,2365.5864
70.22398152,23.0656
311.99996477,520.0912
3189.3391607,85.9824
77.99997900000001,139.80906666666667
103.9999688,44.7392
71.06665679933332,0.0
51.99997992,72.69893333333331
83.199977376,56.62186666666668
199.33330458333333,67.1088
128.266631936,134.2176
25.999993,268.4352
291.200025424,0.0
3160.797643448,0.0
129.99996520000002,413.8376
1121.6331646666667,1308.6208
201.06663766666665,123.0328
58.51999076,190.14026666666663
224.5453948681818,167.772
695.0664851473332,425.0213333333333
1734.142197274667,2214.592
27.309330692,95.59253333333334
77.99997978,72.7008
17.555996304,184.548
3081.865833377333,2359.9928
36.39999442799999,290.8037333333333
31.19999244000001,8936.6616
5.8519989,150.99439999999998
347.218570428,861.2296
21675.33002367667,4320.131466666667
1.7333328726666664,75.4952
21623.327278800003,7997.138400000001
474.93320126533325,229.288
29.25999494,86.68026666666667
110.933305984,480.9448
197.599970816,469.7616
17917.46198745133,6308.2312
179.46128475733337,721.4184
10.39999726,55.9216
10729.331732186663,7091.169066666666
242.6666153333333,883.5984
208.72127683733336,710.2330666666668
24.266660301333328,78.64133333333331
251.635950808,693.4576
21656.26088610933,4557.808533333333
169.86664059866663,234.8808
5316.131225282001,12180.255466666667
21.599983896000005,54.34933333333334
24.266663092,36.52266666666666
50.26665953266667,274.02613333333335
81.46664222666669,0.0
25.19998970533333,63.61226666666668
19290.263817642663,3984.5864
150.799978598,178.9568
296.5013629226666,178.9568
81.59999078599998,1962.9314666666664
25.99999359,8.388
247.866630726,0.0
181.411948416,257.2504
261.3893036746667,100.6632
192.399947238,134.2176
227.0665777613333,310.3768
157.73331058333332,0.0
17.333328673333334,81.08773333333333
24.266660217333325,170.5672
102.26665191666665,100.6616
138.66662885333335,89.4784
14979.462610688,2550.1344
51.999989,492.1301333333335
97.066628176,0.0
136.54663558666667,22.3696
15.605331104,134.21679999999998
559.8412449373333,164.97466666666662
377.866565224,0.0
149.06664545333334,0.0
29.25999516,33.552
10.399997336000002,75.4952
77.99998851000002,79.68960000000001
21729.06334880533,3844.777333333334
29.25999516,184.5477333333333
27.309330692,111.1464
163.855974128,945.1152
25.99998982,96.4672
159.9546305866666,984.2624
10.399997372,97.86533333333333
3.466665738666667,109.0496
74.533313152,184.5488
55.466644608,310.37653333333327
5284.931888107334,1034.5933333333337
13.654663586666665,139.80826666666664
19.506662266666662,195.7325333333333
3.901332688,0.0
34.66665738666667,170.5664
28.799996202666662,27.2616
146.29996699999998,109.0504
7.802665434666668,163.576
22.399997004,243.2672
542.5332502839999,402.65226666666666
15.605330752,30.756
101.4346506506667,390.0672
3.199999524,170.5672
155.99995878,223.6949333333333
11448.460428621333,3579.1376
24.26666027333333,34.77573333333333
25.99998982,68.50453333333334
129.9999655,0.0
56.56932440133333,824.8784
25.99999304,215.30666666666664
46.81599190399999,301.9888
161.19993731800002,11.1848
32.933324517333325,177.55679999999998
46.7999901,341.1354666666668
31.199991468,176.1592
25.99999616,150.9936
343.31723817599993,1029.0016
3.9013327173333336,64.3104
10885.329510906668,3646.2464
11.70399692,47.3584
176.79995253599998,89.4784
21087.73109478933,3942.6448
21.457328332,216.70453333333333
923.8666353973332,1800.7528
925.5998629400004,1342.176
5.19999863,139.80933333333337
71.99999187,34.949333333333335
103.99997372,36.6992
31.199987784,55.921333333333344
103.99998504,0.0
157.73329723666666,111.848
350.1332583240001,1845.4925333333333
142.13331255999995,111.848
20.799994344,66.58186666666668
58.93332462933333,27.96133333333333
218.399940108,33.5544
136.93331337266665,67.1088
1480.2663017239995,2773.8304
35.74999084250001,47.183
313.7332500733333,503.316
57.19998460000001,33.5536
77.99998805999998,8.3872
3.199999572,58.7184
234.07995344,0.0
103.99998412,0.0
1418.134263424,1610.6112
149.06662802399998,67.1088
11.703998064,19.22266666666667
52.66799168399999,114.64293333333332
5218.032548666666,6073.349066666667
50.71732456266668,279.6189333333333
77.99997978,61.514933333333325
1283.199828372,1530.9192
519.9999232,290.8048
107.466640916,167.77093333333332
38.13332312533333,181.7514666666667
25.99999724,113.2448
269.191947468,78.29360000000001
264.5998089,413.8376
21297.460998264,4753.543466666667
157.73331064399997,67.1088
77.99997927,0.0
16688.528891616003,5983.872
192.399951382,55.924
103.9999724,38.09653333333333
21455.199273824004,7695.147466666668
120.94130200266665,0.0
11.703998152000002,15.550933333333331
103.9999724,40.8928
2298.3993812,3087.0048
603.1997601119999,1152.0344
25.99999304,117.4392
155.9999775,123.0328
31.199991516,9.0856
50.26665268866666,643.124
1.9506663733333327,97.86533333333333
7640.531267450667,1979.7096
17.555997228,188.7424
80.9999598,100.6616
25.99999309,123.0328
194.133305408,123.0328
29.466658472666666,310.3768
83.19998931200001,201.3245333333333
15.599993934,86.68026666666667
71.06664805266665,0.0
97.199987184,268.4336
147.33329264666668,0.0
158.00396916600002,156.58720000000002
6.399999048,100.6616
403.1999460720001,82.4856
318.93324746666667,268.4352
7.802665434666668,28.4848
114.3999835,436.2056
29.2599923,154.48853333333332
21604.26359221333,4451.553333333333
146.29996210000002,11.1848
97.066641056,134.2176
27.733329248,30.9312
249.599964384,0.0
81.92798768,0.0
197.5999468,145.4024
100.79998670933333,271.2296
27.309330692,105.3808
140.399962254,145.4024
5.851999032,0.0
28.79998823466667,61.6896
3169.599528522,1509.948
56.569320148,475.3528
28.79998372266668,44.912533333333336
86.66664476666666,33.551199999999994
3404.265352096,525.6856
188.93328246666667,301.9896
93.631975072,67.1088
10.3999978,83.884
959.727805168,771.7511999999999
12651.198571468669,5570.0344000000005
975.8664028073332,984.2624
5725.796066163332,0.0
62.399990784,111.8464
20.799991968,55.746666666666655
157.73330269666667,55.924
129.99996575,78.29360000000001
214.57330268,760.5658666666667
95.58264079466667,450.18773333333326
126.79330200333332,234.8808
145.59996102399998,100.6632
32.93332501133333,100.6616
21181.327630666667,3802.833066666667
1025.5998841926664,2113.9272
158.00396916600002,89.4784
27.309327117333325,69.7288
51.9999862,123.0328
178.53328526666664,167.772
10.399997236,42.81386666666667
41.599993808,229.2874666666668
3087.0658509686664,626.3488000000001
1045.5571761066667,1202.365066666667
88.399978818,134.2176
13.654663792,123.03173333333336
93.63196928,173.36373333333336
419.466563252,1096.1103999999998
1988.1330397013328,3869.9424
751.0065537333332,3735.723733333332
81.46665463466667,128.6232
91.86664345266666,209.7128
29.25999318,0.0
1000.6917968520004,850.0448
112.66663967,184.548
175.55997491999997,721.4191999999999
149.06664579733334,67.1088
6342.264978648001,5077.9024
117.03998152,67.1088
410.799887978,984.2624
28.799978528,51.0288
159.46660465866668,201.3264
25.19998749333333,91.22373333333334
4825.7965147,0.0
133.4666329406667,201.3264
191.16530027466663,2013.2648
77.99998805999998,16.776
195.86661423466663,134.21653333333333
152.53331139199997,346.7288
234.07993512,201.3264
11.199998501999998,768.9538666666667
625.7331915806667,447.392
259.4386372293333,67.1088
46.799987418,218.1016
11.70399692,58.36773333333332
150.20131880600002,570.4248
91.86664207466669,33.5544
77.99998029,246.0648
97.06663986133331,0.0
21637.194083058,4138.378133333333
1129.4358301600005,1179.994666666667
11.703998152000002,17.474400000000003
9.753331793333334,63.96186666666668
20803.45859332133,18119.391466666664
584.9995980833332,0.0
25.19998749333333,60.81546666666668
3504.799129192,12571.725066666664
23.407997736,96.9912
29.259995600000003,25.164
132.6453123893333,542.4616
233.99994006,585.8018666666667
6005.99761146,167.772
29.2599923,147.4976
58.5199846,353.5182857142857
208.7213541626667,67.1088
166.399955008,67.1088
78.02665317333334,452.98346666666674
157.73329141266663,0.0
81.466655136,0.0
11.703997975999998,27.4352
57.199984688,61.51573333333332
10798.663983613334,3377.810666666666
25.99999304,296.3957333333333
48.59997588,229.2874666666668
29.25999494,41.94
8995.99770256,156.58720000000002
1106.02783368,3333.0704
27.309327117333325,72.8744
25.99999296,43.33813333333333
36.399994624,16.776
21.599987792,46.65946666666667
51.99999204,268.4336
3906.932744288,1912.6008
21.599997152,72.17573333333334
20590.26366523933,16637.4032
1124.932900666667,2768.2384
3125.1987931920003,573.2197333333332
129.99996520000002,447.392
168.13329485666662,167.772
10.399997236,67.10613333333332
97.066643408,22.3696
161.19995722000004,0.0
138.49731250666667,234.87920000000005
36.399985748,33.552
391.73323012666674,525.6856
187.199948664,134.2176
3182.3995743540004,847.2474666666667
11.703998064,35.47546666666667
25.99999301,251.6570666666667
138.66661749333335,156.58720000000002
5.8519987680000005,78.29146666666666
3729.597943194666,0.0
24.266662942666663,293.5986666666668
20444.65877188,3760.8904
27.309330692,77.94239999999999
29.466662428000003,928.3373333333336
158.00397742799998,301.988
27.733325952,195.7317333333333
9.599998572,173.36293333333333
160.1999345553333,0.0
21235.06094953333,4278.188
29.25999538,8.987142857142857
145.599979336,637.5336
3104.398803612001,503.316
18210.395153232,4390.037066666667
17950.395574536,2963.9736000000003
102.26663870066666,156.58533333333338
138.497301052,390.06826666666666
10814.263780089335,3590.3232000000003
192.39995597,78.29360000000001
24.266660217333325,174.76133333333337
152.53331197866666,55.924
376.4786015613332,226.4901333333333
6.399999048,11.184
908.2665311253336,1800.7528
897.8663482693332,1031.7965333333332
180.2666181333333,67.1088
29.25999668,184.5472
69.33331466666668,33.5536
149.06660870266668,0.0
177.5106262626667,100.6632
161.19993744200002,223.696
25.99999309,83.884
266.93326588133334,917.1528
1.7333328906666663,125.828
696.7998105239999,388.66906666666665
20.799994544,42.4656
5126.3962976,0.0
101.43464912533337,293.5992
53.73331886666666,178.956
24.266663092,50.3296
29.25999538,172.66426666666663
20.799994344,71.30080000000001
3.466665733333333,61.51573333333332
148.2506282613333,268.4352
25.99999613,64.31013333333331
70.22398152,22.3664
29.25999318,53.1264
29.259995600000003,134.21679999999998
5.1999986080000005,76.89333333333332
21857.32490985333,6808.751466666668
1764.5328643746668,3411.3645333333334
27.309330692,110.97226666666668
594.5331986486665,357.9136
58.51999336,54.34826666666667
36.39999442799999,246.064
1652.214343677333,0.0
64.371989836,33.5544
324.1332483106666,0.0
3113.066224850667,629.144
5.199998612000001,67.1064
25.99999612,167.77120000000002
198.3999775973333,53.12586666666667
11.703998064,27.95946666666667
20.799997,36.6992
46.799993088,369.09813333333335
192.3999482,190.1416
2731.1996347020004,184.5472
169.86662099866666,134.2176
117.039978,184.548
3573.620342832001,402.6528
195.86661423466663,67.1088
7.802665493333333,83.18533333333332
213.199945388,223.696
11.703998064,41.7664
135.199964068,100.6632
7.802664906666666,123.03173333333336
169.86661975733338,212.5112
187.263978752,234.8808
51.99999232,0.0
133.4666335053333,503.316
103.99997236,95.0696
2086.1996167573334,0.0
77.99998875,67.10773333333334
95.33330843666668,0.0
185.46663827600003,268.43440000000004
11.703997712,37.9208
339.73320031466665,536.8688000000001
88.39997647199999,648.7173333333335
159.4666243466667,67.1088
41.59999048,346.7274666666667
162.93326997733334,156.58720000000002
31.199991516,16.7752
51.99997982,285.212
70.223988912,131.42026666666663
166.39997536,67.1088
50.266659339333344,226.4896
698.5331433859999,497.7216
7543.465509034667,3033.878666666666
177.51063997333335,654.3095999999999
74.53332229666667,67.1088
91.8666309446667,204.1216
75.59996248,209.7136
21387.594250026003,3512.027733333333
142.39862977733333,335.544
124.799968464,95.07066666666668
24.266660301333328,80.21333333333331
254.39996597400005,290.8032
413.5412524906666,1241.5128
133.4666475706667,33.5544
3366.1319946480003,1621.796
117.0399824,33.5544
7970.422741511999,9406.424
155.9999775,257.2504
20741.06125005733,4294.9656
29.466662462,76.544
29.25999516,8.388
21306.13021936,6241.1224
31.199991756,241.8690666666667
79.73331177466665,0.0
11.70399824,31.63093333333333
74.53332232533334,27.961866666666666
17.333328693333335,177.55679999999998
6.9333314586666654,111.84666666666668
19.06666156266667,78.2928
1823.4659639306667,1263.8824
220.13327533666663,0.0
25.99999343,209.7125333333333
64.371988868,363.50506666666666
388.2665621333333,458.5757333333333
23.407994672,77.24346666666666
102.266651838,0.0
208.721292602,44.7392
115.08931169999998,201.3256
222.375953184,603.9789333333332
234.07995432,44.7392
249.599902272,771.7504
1594.666042293333,2829.7544
52.6679901,738.196
87.99999006333336,125.828
75.59996248,192.93653333333333
988.987729938,1241.5128
129.99996505,0.0
5327.996152000001,0.0
20115.33026187667,3649.0424
25.19998970533333,70.77680000000001
577.3972421653334,796.9151999999999
81.46665485400001,0.0
24.266663166666664,39.1448
103.99997216,0.0
4.799999286,69.90453333333333
20.799994544,42.81573333333333
194.133281216,89.4784
559.8412449373333,131.41920000000002
183.73330683333333,111.848
29.25999516,89.47653333333334
298.13327542666667,648.7184
161.19995672400003,201.3264
541.7996277633333,0.0
155.99997996000005,134.2176
134.595986982,67.1088
58.51999120000001,150.9936
214.933280344,1241.5128
161.19997675000005,100.6632
19938.528034284664,5158.991733333333
25.99999626,290.8048
14728.129368066666,2438.2864
198.9679626,620.7557333333333
20.799991968,52.95173333333333
117.03996968,33.5544
60.66665068333334,715.8272
21.599987792,67.10666666666668
36.39999167,464.168
10354.929278978669,3702.170666666666
162.93326997733334,134.2176
40.96399076,318.7653333333333
131.73329811999997,134.2176
135.199964536,78.29360000000001
11.703998152000002,17.125866666666663
34.66665309333334,111.84666666666668
214.57326293333333,436.2072
112.66663789333332,192.936
8976.930947540666,1999.2832
227.0666374973333,749.3815999999999
25.99998982,54.5232
51.99999232,0.0
50.266653210666654,215.3061333333333
175.55995206,0.0
23.407997736,24.6392
102.26664503333332,1207.9568000000002
1489.599800766,1168.810666666667
107.46664017199998,0.0
3106.797683708,0.0
21051.325220473333,4194.3026666666665
81.46664579866666,212.50986666666668
25.99998982,58.7176
155.9999775,0.0
97.53330133333333,285.212
66.32265370133332,177.55733333333336
124.799982048,201.3248
3.466665744,219.4992
136.93331395200002,178.9568
234.079956,419.428
24.266660217333325,164.97493333333333
83.199987616,0.0
3.199999572,128.62346666666664
16284.664242756668,4264.2082666666665
120.94134540266668,162.17946666666668
105.73330490733332,0.0
150.799979062,167.772
623.9999080800002,335.54240000000004
24.26666153333333,97.86533333333333
120.94130927733332,100.6632
21836.52491786933,6179.6056
97.06664012266668,83.88560000000001
275.043946326,100.6632
25.99999315,391.4666666666668
66.8799824,361.0074285714286
29.466658778666662,142.6056
51.99998616,0.0
232.2666337026667,268.4352
2724.7996355580003,542.4624
169.707983586,33.5544
1372.7994720000002,3808.4256
65.86665693866667,145.40186666666668
688.5852194319999,293.6
198.39997346400003,225.0917333333333
1245.5997711786663,268.4352
903.0665329433334,0.0
27.733326496,60.11573333333333
15.599995854,109.05013333333332
5.199998612000001,47.53386666666667
24.266660152,54.87306666666666
4964.266498645334,6319.416
741.2532162933335,2852.1248
20.799994368000004,59.7672
166.3999552,145.4024
77.99997846000002,0.0
413.541218712,1342.176
29.25999428,0.0
152.533293792,44.7392
20382.264503010658,9688.8408
11.703998064,48.05786666666667
21521.061360896,4487.904533333333
57.19998493000001,50.3304
189.2146176493333,167.772
138.4973114653333,822.0818666666667
20.79999448,63.9616
467.9999382933333,0.0
136.93331395200002,156.58720000000002
71.99999187,57.319466666666685
72.799981128,0.0
134.595978748,805.3045333333333
109.199973078,402.6512
25.99999309,62.912
6005.99839224,201.3264
25.99999626,325.0568
136.79998196266666,0.0
166.39998121066662,318.76453333333325
23.407997736,33.028800000000004
103.99998524,201.3248
2081.599721586,866.8213333333335
3043.039519520001,9104.434666666666
86.66665416666666,134.21679999999998
103.99998464,150.99439999999998
25.99999304,183.1493333333333
767.8665532586667,1375.729333333333
1953.466385668,3008.7112
181.41196459800005,324.3592
103.9999762,16.776799999999998
93.63198521600002,355.11573333333325
129.99996520000002,469.7616
25.99999343,205.51866666666663
24.266660068,56.6216
25.99999301,117.4392
93.599974692,195.7328
25.99999304,192.93626666666665
13.654664510666668,229.28666666666663
161.19997538600003,380.2832
20077.194664098,5997.8528
1394.7264464466668,2594.8736
2613.8929402666668,905.9672
1524.5997199253336,536.8704
25.99999304,142.60479999999998
117.03997108,0.0
2953.5999000320007,3265.9616
142.1332961053333,89.4784
207.99994408,0.0
32.93332465666666,327.1536
188.93328312066663,178.9568
119.99998215,27.96
1581.9904287733334,4294.9648
11.703997712,54.1744
10774.397099199998,8053.062400000001
29.259993840000003,20.269066666666667
143.86664652533338,0.0
77.99997927,89.47653333333334
2309.589003392,4239.0408
689.8664002720001,592.7944
79.73331189733335,123.03253333333336
80.9999598,114.64213333333332
54.61865845333333,176.15866666666662
31.19999178,275.42346666666674
216.66660958333333,134.2176
98.79998575,78.29306666666668
25.99999309,71.30080000000001
25.99999309,103.45786666666667
2995.1995544640004,592.7944
35.111993136,142.60479999999998
21817.45819981133,4012.548266666666
112.66665072,167.77120000000002
10.39999726,53.12506666666666
18827.461568768,3732.9288
62.42132347733335,0.0
165.80664048666662,933.929866666667
10602.798474828,2695.5384
90.1333092053333,766.1565333333333
183.7333061266667,436.2072
20877.99449945,4339.7045333333335
157.73329141266663,11.1848
210.67193088,626.3488000000001
667.3331518699998,0.0
109.199957538,212.5096
87.77998548,422.22426666666667
3.466665738666667,90.87466666666668
2621.695566336,10043.9584
488.799864076,279.6189333333333
117.86663534133328,95.06986666666668
71.06664777933331,0.0
20666.53113950133,4529.845866666667
72.799992272,609.5704000000001
145.59996163999998,134.2176
178.53328588466667,55.924
1463.99980419,1136.653333333333
46.81599260800001,40.5424
126.79331331333331,850.0437333333333
306.25460690200003,201.3264
239.19993698,0.0
29.259995600000003,22.368
25.99999602,218.1016
10072.395792835998,1107.2952
606.6572284226668,1308.6205333333337
266.39980760000003,134.2176
192.39995597,89.4784
97.066628176,0.0
843.1999047886667,822.0824
124.799966592,335.544
97.53331719999998,1006.6304
16702.393550303997,19279.816266666665
27.73332247466666,171.964
98.99998694666668,209.7128
254.799935614,243.268
3621.5980027546666,0.0
28.799996202666662,29.3576
175.55997228,255.8504
71.06664846266665,69.904
166.39995532800003,497.7226666666667
493.99992723,254.4528
3062.799180112,2102.7424
1085.0665064106663,301.9896
25.99999309,75.4952
26.999986600000003,109.0504
62.399991144000005,145.40133333333338
114.399971576,855.636
25.99998982,83.884
76.26663680533333,819.2845333333333
73.27270734818183,0.0
2537.8169517066667,869.6175999999999
134.59597773599998,749.3815999999999
2073.557986346667,6599.036
58.51998668,33.5536
74.53331386866667,44.7392
149.06662727866666,290.8048
77.99998869000002,0.0
25.99999309,100.6616
11.70399736,19.2224
1433.4661583373334,838.8581333333333
46.799987328,290.8037333333333
20985.463567274663,4082.453866666666
136.9332974146667,67.1088
29.25999538,27.2608
97.06664180266664,430.6144000000001
194.1332813653333,89.4784
77.99998851000002,85.28213333333332
1014.3464607466666,850.0448
485.7159269600001,2494.2104
1794.6129825066666,0.0
830.3998889339999,391.4664
17.555997096,41.94
11.703998152000002,25.513066666666667
13001.731398075332,3780.4624
440.26661993066665,1073.74
68.27331742,402.65226666666666
77.99997911999998,89.47653333333334
239.931940714,0.0
8001.599096485999,14271.8168
155.99995956,33.5544
21625.06359757067,5536.479466666667
17.33332864666667,134.21679999999998
103.99997216,268.43440000000004
155.99995823999996,346.7288
11.703997712,183.14906666666667
21228.13019810133,4893.3533333333335
71.06665617066666,0.0
3965.866245674666,1733.644
225.3332999666667,223.696
93.63197817600002,288.0069333333333
11.703998064,44.038933333333325
249.599964576,201.3264
40.96399535199999,225.09226666666663
224.3266278733333,771.7496
181.99997207,0.0
211.4666370613333,134.2176
154.10263590933334,201.3264
25.599996576,170.5669333333333
93.599976348,142.6056
339.73328119733327,19.92133333333333
89.73065114933334,782.9344
109.199984292,150.9936
214.93330572266663,178.9568
17111.461533226666,4557.809333333333
29.25999516,5.592266666666666
178.53328657133338,123.0328
282.84659136333335,10737.416
140.447971968,167.772
138.59998172533338,67.1088
176.7999524,234.8808
102.26663929066666,100.6616
1840.799735208,3344.2552
140.44796260799998,123.0328
22.533327336000003,187.34426666666664
11.703998152000002,32.8536
1140.532892912,4406.8152
154.26662602333334,0.0
58.5199846,17.475466666666666
176.79997450000002,257.2504
286.74802861600006,111.848
51.99999232,67.1088
64.37199080399999,384.47493333333335
9.753331793333334,150.9936
132.64530744799998,178.9568
17.33332906,137.01306666666667
3623.398001761999,0.0
155.99995836000005,33.5544
27.309327117333325,70.77733333333332
197.59995478,111.848
9042.797596702,4429.183466666666
9177.99645588,4160.747733333333
23.99999729,0.0
143.86664569533335,78.29360000000001
5.8519989,118.83733333333332
77.99998851000002,75.4952
162.93331240266667,100.6632
162.933287712,100.6632
120.941309732,44.7392
20.79999448,60.81573333333332
152.53329173866666,167.772
21.45732849333333,166.3736
20.799994408,36.5232
164.66662239666667,33.5544
20.799994432,34.25173333333333
1421.999738773333,0.0
135.199952056,0.0
3345.3927045,3523.212
3029.866236658668,469.7616
25.99999405,36.69893333333333
183.362636336,603.9792
25.599996576,184.5488
31.21065956266668,73.92186666666669
58.51998988,268.4336
171.59995406399997,301.9896
54.61865845333333,25.8624
25.99999304,159.3824
7.802665376,29.70693333333333
132.64529897066666,78.29360000000001
120.94130200266665,100.6632
651.1999129019999,469.7608
84.93331187133333,145.40186666666668
143.86664619333334,22.3696
176.79999401600003,55.924
147.33331287666667,0.0
116.13331560066668,167.77093333333332
18.80999703,149.796
20.7999944,64.31013333333331
30.59998270533333,49.98053333333333
2506.39964332,738.1968
25.99998982,0.0
21.599987792,68.156
110.399987534,134.21679999999998
29.259993840000003,18.172266666666665
1231.99983522,268.4336
600.8052294346668,1062.556
72.7999804,95.0704
51.9999862,78.29360000000001
129.99996545,0.0
31.21065956266668,67.4568
25.199996677333328,38.7944
57.19999155200001,11.1848
1443.8662851526667,2751.4608
3.466665744,159.3824
65.86664984533333,1124.0714666666663
29.25999538,0.0
171.59995406399997,111.848
15.605330869333336,120.23546666666664
25.99999309,82.48586666666668
72.799981128,223.6949333333333
157.7332920193333,167.772
25.99999306,72.69946666666667
140.39996301000002,89.4784
17.333330773333333,155.1888
21.599987792,65.88426666666666
146.2999708,55.924
147.33331185666665,123.0328
155.99995890000002,0.0
234.07997736,2505.3952000000004
25.358663789333328,47.184
5934.597575606001,805.3056
21496.797718032,4124.397333333334
2905.19855816,0.0
520.199612162,268.4352
57.19998534800001,16.776799999999998
140.39994432600002,0.0
268.6666901233333,0.0
253.58663044,413.8362666666667
10614.931712514668,2102.7424
202.79995359,145.4024
11.703997624,34.6016
7.802665023999999,33.90213333333333
488.7999263040001,2046.8184
181.41201810400003,223.696
15022.794169997998,8696.1888
135.19997935600003,0.0
10.399997208000002,53.12506666666666
181.99992923,33.5544
344.933282522,0.0
3.9013326586666666,35.29893333333332
3690.265673133333,1101.7016
175.0666201393333,33.5544
21656.260802816,4339.703733333334
77.99997846000002,67.1088
28.79998372266668,78.1168
133.4666309386667,78.29360000000001
25.99999603,226.49066666666664
308.5332553693333,693.4568
351.11989992,626.3488000000001
1.7333331106666667,48.93066666666666
1186.0050925653331,2975.1568
155.99997834,0.0
1196.799839928,397.0578666666666
64.13331606666667,721.4186666666665
135.19997935600003,33.5544
8995.99760914,883.5992
155.99995805999995,0.0
150.799960908,78.29360000000001
190.66661665333336,234.8808
97.06664042133332,206.9173333333333
57.199984798,83.884
29.46665890333333,279.61866666666674
23.407997736,73.9232
273.09328004,89.4784
1402.5291224266666,0.0
119.599952436,320.16373333333325
680.782554056,402.6512
2022.3997716373333,0.0
195.199973892,360.70853333333326
62.42131690666666,21.318933333333334
10.399998464,71.30080000000001
204.81996766,286.6088
1629.3328946666668,3198.8528
310.26658420733327,1247.104
257.599965546,385.8744
55.46665192533332,139.80933333333337
6739.198206336,2181.036
117.03997108,100.6632
294.550585026,615.164
601.4665806106667,0.0
176.799951516,33.5544
29.466658835333327,195.7325333333333
35.111996604,246.0634666666668
35.111993136,145.40106666666668
4.799999286,39.14533333333333
133.46663206800002,67.1088
140.447972064,268.4352
152.15195845200003,369.0984
72.79998081999999,0.0
20.799996824000004,36.1736
2678.399641764,173.3632
9.599998572,176.16
15.599995775999998,138.41039999999998
20881.46362279133,5077.902933333334
716.7999041279999,977.2704
124.799955744,67.1088
157.73329177666668,0.0
21118.927753061336,12862.530666666664
23.407997736,92.97146666666666
20.799996936000003,53.3
25.99999308,50.3288
893.4051318133332,4630.509866666666
21621.596939712,3601.5064
27.309327117333325,90.87493333333332
9.7533315,139.80933333333337
146.30001460000005,111.848
24.266660152,61.514933333333325
3355.7336263146667,1006.6304
74.53332223933333,27.96133333333333
2625.99963236,1599.424533333333
161.199958212,0.0
38.133318402666674,687.864
146.30001460000005,111.848
119.599967984,55.9232
31.210663648,47.35973333333333
11.703998152000002,29.881866666666664
21723.86089313133,7395.9536
27.309330234666664,52.6008
67.599971764,176.15893333333332
46.799993034,123.03173333333336
42.91465666399999,30.757066666666667
77.99997963,67.1088
899.1998797320001,1216.3464
13.866662954666667,817.8872
71.99999187,114.64293333333332
3478.399534764,960.4938666666668
4.799999358,204.12133333333333
62.399993376,794.1208
129.99996715,268.4352
29.25999516,120.23546666666664
122.891988114,67.1088
21.457329945333328,220.8970666666667
71.06664753333331,67.10719999999999
60.66665133666668,61.51626666666668
10713.729072564,4787.0968
181.99999384000003,301.9896
29.25999538,30.756
23.99999679,61.51386666666669
58.93332494666666,232.08213333333327
91.86664161533336,78.29360000000001
11.703997712,26.388
51.99999234,13.979733333333336
135.199952056,134.2176
110.93330530133332,0.0
5498.131210208,816.4904
91.866641792,0.0
21.599991176,70.25386666666668
3043.7321263760005,369.0984
25.99998996,51.72693333333333
1.7333328619999997,12.232266666666664
44.57142222857142,125.828
753.99985355,760.5664
235.733299696,0.0
64.13331712733334,44.7392
25.99999617,81.08773333333333
51.99998592,89.47653333333334
109.199983872,97.8656
103.99995956,369.0984
15.599995806,109.0504
209.7332803353333,212.5112
119.99998645,181.7517333333333
164.66664323333333,123.0328
20416.927805056,3215.630666666666
29.25999668,109.0496
493.99992438,246.06426666666664
24.266662952,248.85973333333328
118.39998663066667,134.21679999999998
24.266660152,83.884
77.99996967000001,100.6624
154.2666272693333,564.8312
25.99999296,61.514933333333325
83.199977376,150.99439999999998
19.506662266666662,139.80853333333332
181.411950462,201.3264
384.7998966960001,0.0
25.999992820000006,132.81733333333338
57.199976108,192.9352
60.66665763666667,16.776799999999998
36.399985748,150.9928
1.9506663733333327,22.89173333333333
27.733329077333327,738.196
10.3999978,156.58533333333338
932.4184843893332,1286.252
19.50666344,53.12506666666666
336.266617132,822.0824
44.865326249333336,178.9565333333333
28.799978528,49.6296
3015.99874024,346.7288
5165.996268999998,0.0
29.25999717,42.8144
195.0666344,429.9136
681.199817648,335.5432
60.66665005333334,0.0
234.07997344,0.0
21210.794322032,10446.611466666667
183.7332618893333,55.924
29.259995600000003,33.552
100.53330642133332,111.8472
181.41195226,243.2672
208.721292602,123.0328
132.64530341333332,1269.4736
9018.530905266663,973.0776
3220.5501581586664,1140.8496
19.506663586666672,188.74053333333333
107.46663777466664,1124.072
154.26662602333334,0.0
20.799991968,61.8648
11.703996832,25.68693333333333
317.958621244,687.8634666666667
1200.5997794453333,536.8704
24.26666111333333,30.4064
21231.59697858,3534.3968
133.46663027133334,0.0
3255.199538012,503.316
25.99999343,51.72693333333333
180.26662111466663,134.2176
38.133327496,234.88
48.76665823333333,268.4352
5163.598010028,1644.1656
83.199977248,139.80933333333337
241.882600616,234.8808
6066.665488333332,6990.5048
161.199956848,134.2176
218.399940108,346.7288
79.19996069333334,192.93653333333333
7.802665434666668,170.56613333333334
62.42132347733335,257.2504
117.866638424,61.51573333333332
2000.2665989653333,2885.6784
11.703998152000002,34.77546666666667
185.31328532666663,223.696
58.933310576,11.184533333333333
58.51998636,130.0224
176.79993172799996,454.3805333333333
24.266663092,34.07706666666667
60.47065484533333,255.8504
759.1997935559999,0.0
25.99998982,79.68960000000001
147.33329514,78.29360000000001
209.7333021153333,615.1629333333333
3.4666662986666665,114.64213333333332
357.0665764386667,872.4136
120.59997784533331,0.0
70.22398152,311.7744
25.99999626,788.5274666666667
62.399990784,0.0
102.599923506,0.0
700.2892227613333,1985.3010666666669
202.799944386,67.1088
144.349305164,123.0328
90.13330951733332,89.4784
4775.230774367999,11721.679733333332
178.5332865026667,100.6632
9.75333142666667,180.35413333333327
27.309330692,114.11866666666668
1190.799822754,827.6751999999999
20.799994448000003,103.45786666666667
25.99999304,170.5672
3991.865647205333,1666.5352
131.73330060266665,397.05893333333336
100.53332041866668,268.43413333333336
29.466658835333327,188.74186666666668
53.73331917666666,67.10719999999999
21813.994160560003,7203.0152
196.799973678,458.5744
27.309327117333325,55.048
15.605330986666669,142.6056
210.671963568,598.3856
76.26665584266668,139.80906666666667
77.99998845,156.58613333333332
198.967971576,805.3050666666668
109.199983872,125.8272
814.6664473333334,3182.0768
1273.5998561893334,1834.3072
152.53331174399997,67.1088
21.59998928000001,73.224
204.53327905333333,67.1088
161.19995672400003,268.4352
39.01332658666667,61.51386666666669
236.03060221400003,78.29360000000001
10.399997236,41.94213333333333
349.16923655399995,637.5336
31.199992116,47.5336
361.599951636,671.0871999999999
162.93330983333334,234.8808
11.703998064,54.1744
192.399948866,55.924
603.1998359759999,134.2176
124.84263432533336,156.58720000000002
7482.798008424002,2930.4176
6026.799091344002,805.3056
93.599975088,41.9424
22.533330066000005,191.5384
11.703998064,28.136
6701.064929544,1929.3784
29.466662575333327,134.21679999999998
159.46662318133338,0.0
35.111993136,132.81866666666662
10183.330626916666,10220.118666666664
71.06664824399999,0.0
157.73329723666666,223.696
135.19998029200002,33.5544
909.99986525,1610.6112
6846.665647566668,2561.3192000000004
5.851998858000001,117.43893333333332
11.703998064,37.5704
389.99994285,0.0
15.605329813333332,153.78986666666668
1981.199238,4261.412
134.9999822,44.7392
100.5333179053333,167.772
23.636360281818185,30.501818181818184
15.599995848,159.38320000000002
24.266662942666663,243.26773333333327
197.59994756,257.2504
788.6663633333333,2035.6336
103.99998524,97.86533333333333
21827.85825454267,4124.3968
31.199991516,11.8824
3.4666657360000004,75.4952
20255.727879866667,5844.062133333334
232.26663227333336,55.924
95.399928874,0.0
155.99995746000005,257.2504
23.407997736,112.896
140.39997883200002,369.0968
21552.263483562667,6179.6072
20.799994376,75.496
93.599986428,0.0
178.53328533533332,402.6528
51.99999232,0.0
663.8664971253334,1655.3488
220.1333015833333,67.1088
131.733297664,0.0
11.70399692,21.843466666666668
261.389282324,514.5008
126.53329946133336,134.21679999999998
195.8666218433333,89.4784
155.99995722,44.7392
25.99999612,156.58613333333332
77.99998002000002,4.1936
155.99995692000005,167.772
291.200025424,0.0
263.33993493,268.4352
17180.797482351998,4348.093333333333
27.733325792,72.8744
2032.594361013333,897.5791999999999
173.33328480000003,55.924
72.799989696,0.0
509.1239157839999,822.0816
28.79998570666667,94.54533333333332
29.25999717,16.7744
51.99999232,0.0
1383.0222734080005,1744.8288
871.947862324,1644.1656
1.7333328693333334,16.776799999999998
21664.927533797338,5547.6648
159.46664372799998,0.0
37.06266081466666,117.4392
135.199963444,111.848
80.36362440181819,0.0
239.199906988,850.0448
193.11595644,1459.616
637.866493216,0.0
253.5866228133333,659.9032
154.266605494,0.0
72.79998963999998,83.88560000000001
996.6663132333332,989.854133333333
204.81996003,201.3264
10.399998544,167.7704
36.399994442,178.9565333333333
647.99991333,503.31546666666674
909.0104821306668,738.1968
7.802665493333333,16.251466666666666
51.9999862,0.0
31.199991708,167.77013333333332
72.799990648,419.42933333333326
915.19986448,1297.4368
29.25999538,458.5768
155.99997726,0.0
290.6492830706667,626.3482666666667
247.73463855733328,145.4024
21585.196704106005,6752.827733333333
25.99999306,222.2952
62.42131690666666,18.52266666666667
175.5599736,564.8312
123.066633912,125.828
10758.797008226,5536.4792
25.07999757428572,36.32514285714286
29.259995600000003,184.5477333333333
226.277301008,743.7877333333333
188.93330644666665,201.3264
211.4666353533333,357.9136
77.99998998000002,329.95120000000003
110.93329049599998,0.0
21.59998928000001,66.58266666666668
230.5333010586667,0.0
29.25999318,8.388
192.399925186,626.3469333333333
253.58660756,788.5274666666667
21217.727686152,11953.7648
138.4973471546667,89.4784
24.266660152,35.6496
149.06663771333334,0.0
144.349309456,536.8704
21.457329784,44.73653333333333
173.3332868,592.7941333333333
3114.798797207999,377.4848
23.407994672,96.8168
315.199957842,237.67466666666664
185.466616876,33.5544
77.99997846000002,0.0
181.99995170000005,89.4784
93.599976348,184.5472
3715.197951136,0.0
112.66663286666666,178.9568
1373.2691268266667,0.0
181.41196459800005,0.0
114.399969596,973.076
21278.396914632,4697.6192
187.1999496,145.4024
5113.7963067,0.0
210.67194160800005,0.0
29.25999494,39.14586666666667
117.03998868,480.9464
11955.593406707998,0.0
23.407997736,97.5144
3.9013327173333336,17.823733333333333
183.733284008,167.772
1607.3490795413334,3087.0048
181.41195908,223.6952
143.86662843133334,0.0
302.35327433,536.8704
1409.399741088,0.0
77.99998131000002,0.0
202.799945712,27.96133333333333
280.79989005600004,290.8048
11.70399824,31.97973333333333
11.704000748,50.1552
103.99997416,721.4184
3191.9995251900004,2281.6992
103.99997236,3788.853066666667
509.5999247360001,246.0656
10.399997772,21.668266666666668
74.53331369666667,218.10293333333328
344.9331994726668,0.0
4.799999358,78.292
146.29997690000002,163.5768
23.407997736,31.280266666666662
76.26664639733332,391.4669333333334
506.1332585813335,682.2728000000001
69.33331442666667,0.0
31.21066312533333,71.82639999999999
25.99999302,71.30080000000001
155.99993934000003,100.6632
873.8984695466665,3221.2224
21770.66129936,3760.890666666666
72.79998081999999,55.92266666666666
149.06662590266666,268.4352
79.73331290933335,30.7552
23.407994672,78.64160000000001
25.99999603,111.84666666666668
20.799994432,30.4064
199.33328043333333,78.29360000000001
8931.864313463333,7583.2986666666675
135.19996412,67.1088
162.93328890266667,0.0
10249.196042232,7739.886666666668
421.343887824,727.0101333333333
21321.730241682,4116.0090666666665
79.97732130666667,0.0
24.266663148000003,39.844800000000006
24.266660152,71.128
79.73332109733333,195.732
23.99999729,0.0
31.210663648,31.9784
478.3998669679999,156.58586666666667
171.59999419200005,234.8808
259.9999343,139.80933333333337
20735.861195588,3646.2453333333337
25.999993,1856.6768
147.33329293,67.1088
677.733150606,939.5232
173.3332659333333,134.2176
33.161328596,41.94
1057.2611266506667,1034.594133333333
62.42132394666667,0.0
29.259995600000003,30.7568
900.7998982846668,2038.4290666666668
1449.3449955160002,880.8018666666667
26.99999644,67.63173333333334
27.309327117333325,56.27226666666667
120.94131423733332,0.0
445.466601046,150.9928
10465.863804654666,6241.122666666668
107.46663814666668,234.8808
6006.596687471333,0.0
154.266644832,167.772
10.399998492000002,30.7568
269.192026864,111.848
72.799989668,83.8848
387.1999562786666,524.2864000000001
11.703997975999998,77.24266666666668
273.86655943733336,657.1053333333335
415.491918776,995.4472
124.84263381333332,878.0058666666667
1650.263677392,0.0
175.56001752,0.0
38.13332783333333,307.58
11.70399824,34.2512
84.93332127933334,100.6632
79.73332183333333,106.25466666666668
247.86663034466667,125.8272
799.0664542993331,12515.8016
5685.332115360001,9596.5656
31.21065956266668,53.9992
218.399944224,497.7226666666667
164.66662607,335.544
51.99998616,44.7392
1398.627602304,1297.4368
77.99998851000002,53.12506666666666
69.33331672000001,223.696
36.399990256,162.17786666666666
19.066663858,191.53786666666667
17.555996304,226.4896
147.33331769333333,210.41333333333333
1665.732889992,1985.3029333333327
31.21065956266668,53.9992
135.19997935600003,167.772
164.66662353666666,123.0328
10.399998492000002,55.9224
103.99998504,173.36293333333333
159.4666226293334,44.7392
25.99999302,188.7416
100.53330642133332,134.216
11.703997712,54.6984
10845.704198026666,1990.8944
72.799990648,234.88
32.93332465666666,226.4896
133.46663016866668,100.6632
109.199970474,106.25413333333331
273.5999639253333,0.0
604.7065757333334,3959.4208
152.15201518400002,111.848
122.892012264,223.69546666666668
129.9999801,111.848
21852.129979871333,3565.157066666667
171.65864085333334,212.51013333333333
117.86663688266668,475.35253333333327
129.9999815,134.2176
157.73327199933334,11.1848
218.39995002,290.8048
86.66665436666666,0.0
158.00397742799998,111.84693333333333
19307.597148416,6067.758400000001
21418.796968416,4093.638133333333
25.99999308,218.1024
228.79996796800003,0.0
118.990646984,100.6632
135.19996724,768.9546666666665
20.799994344,71.12666666666668
29.25999516,17.974285714285713
9374.90153292,1073.7408
3078.399166464,573.2197333333332
20.799994344,34.4264
176.79997388799995,654.3095999999999
11399.694200048,950.708
220.1333005673333,525.6848
2293.199114472,3019.8968
181.99995128,67.1088
152.533310864,369.0968
341.4665341513333,0.0
1855.9997904266668,2169.8512
168.1332880666666,11.1848
50.26665313333333,190.1405333333333
17.555997228,163.5768
17.555997228,194.3336
136.54664305333336,1191.18
729.7331391119998,327.1544
159.46660465866668,33.5544
36.399994582,204.1208
28.79998570666667,65.5352
376.99985442,524.288
7.802665141333332,16.775733333333335
10.3999972,41.94
715.8664775126666,1062.554933333333
72.17465418533335,754.9728
1092.3731197866666,1216.346933333333
178.5332846486667,2326.4384
152.53329332266668,279.62
526.9332549013333,268.4352
206.26663691666667,44.7392
146.2999708,33.5544
504.399864588,1890.2312
25.99999309,75.4952
1720.7991459733332,117.4384
663.2265719199999,524.2864000000001
8630.264369688,1297.4368
129.99996545,22.3696
31.210663648,31.45546666666667
10.39999726,86.68026666666667
23.407996304000005,153.78906666666668
21755.063336468,4264.2072
161.19995870800005,33.5544
195.8666392453333,167.772
119.599969778,489.3346666666668
11920.130220344665,2013.264
20449.861766564,8075.431733333333
21287.061001032,4935.296
71.06665617066666,2863.309333333333
60.66665213,106.25413333333331
157.733292444,100.6632
76.26664657333333,0.0
28.79998372266668,48.7576
42.914659890666655,176.15866666666662
48.76665896666666,338.33840000000004
1393.599459176,671.0871999999999
187.199949672,178.9568
51.999986,33.5536
220.13329972066668,559.24
2062.799621056,536.8704
20.799996816,131.42
152.15195673600002,167.772
3292.198655075333,0.0
91.86663910666668,0.0
83.199991168,22.369066666666665
123.066648112,352.32
51.99999262,324.35733333333326
181.41195226,16.076266666666665
109.237315264,380.2826666666667
173.33328606666663,44.7392
11.703998064,26.21146666666667
64.13330654533334,237.67546666666672
100.799986518,166.37333333333336
169.86662152133331,0.0
83.19997808,201.3256
10.399997644,50.3304
374.399957724,293.5992
5315.3961611,0.0
76.26665566666667,33.5536
62.399990424,55.92346666666667
159.46664452533338,100.6632
23.407994672,76.3696
25.999992820000006,58.7176
20909.196952082,8589.932533333333
146.2999667,167.772
93.632009344,0.0
20.79999448,37.5728
5661.0651425333335,11207.1792
766.1331282453333,749.38
21779.32999104333,4753.5432
3.9013327466666654,17.6496
200.9186273893333,648.7184
747.0665525953335,9965.664
83.199987232,117.4392
11.703997975999998,17.997866666666663
358.7999231340001,1370.1365333333335
38.133327657333325,234.88
21167.458272952,5323.9688
120.94131514666664,452.9832
84.93331131600002,201.3256
133.46664716,0.0
25.99999724,71.30080000000001
3634.197995805999,0.0
48.53332043466665,301.988
1125.5344974133334,1493.169333333333
51.9999862,100.6632
3081.597702496001,0.0
155.99997618,100.6632
44.865328994,21.317866666666664
103.99997232,167.77013333333332
36.399990284,27.96133333333333
1534.399794774,402.652
110.93330410666668,0.0
103.99997336,162.17839999999998
33.599996206,113.2448
24.26666032933333,37.39706666666667
121.33328648,167.77120000000002
50.71732532533333,201.3253333333333
173.33328726666664,0.0
24.266663129333327,109.0504
97.06665289066666,13.9808
24.266660301333328,79.16506666666668
56.56932482666667,164.97413333333333
25.99999602,326.8048
162.93328946666668,33.5544
21219.463655134667,6962.543733333332
2068.199620064,268.4352
25.99999,268.4352
29.2599923,139.8088
29.25999538,0.0
3733.574965164,536.8704
27.733326986666665,570.424
1627.599759616,861.2296
3442.399634576,1375.7304
77.99998002000002,16.776
3185.4378283933333,62.9128
71.06665576066666,97.8656
232.129288034,67.1088
1223.7331525973336,1152.0344
284.7972840826667,503.316
129.99998015,100.6632
21.457329784,33.552
72.799988828,97.8656
159.46662465333338,178.9568
29.25999538,25.164
21460.3942222,4348.093599999999
191.1652815893333,732.6034666666667
25.99998966,100.6632
71.06665614333333,50.33093333333333
144.3493007733333,1023.408
29.259995600000003,148.19733333333338
29.25999538,5.592
29.25999516,67.10719999999999
10.399997416,21.6688
23.40799232,109.5736
290.6492830706667,480.9464
32.933320438666655,220.89866666666663
103.99998468,623.5512
158.00396916600002,0.0
147.33331157333333,123.0328
51.99998718,718.6218666666667
689.8664809333335,3674.2072
24.26666022666667,72.34986666666668
6066.665808,850.0448
5937.998430997692,0.0
47.99999458,78.29173333333334
24.26666032933333,29.358400000000003
242.66660152000003,587.2008000000001
3.9013326586666666,72.1752
161.199957158,33.5544
5.85199846,15.901333333333335
124.84264507733332,268.43386666666663
102.26665581066663,78.29360000000001
84.799987386,240.472
58.933319212,33.5536
253.58663044,450.1869333333333
3321.0663141226664,1342.176
6.933331456,8.388
22.53332735333333,176.15893333333332
1230.6663608933334,2438.2864
25.99999601,69.90266666666669
119.99998215,33.552
20.799997,33.55253333333333
51.99998616,11.1848
10.399998492000002,8.388
12.133328647999996,128.62426666666664
57.199984688,50.3312
155.99997726,167.772
223.62995292,545.2585714285715
102.26663913333331,246.0656
25.99999617,44.21386666666667
5.85199912,1037.390133333333
19.066659304,167.7704
97.06665266666666,95.0696
31.199991648,128.62346666666664
1244.5251368293334,2281.6992
1057.3331759533332,11229.547466666669
29.25999516,25.164
3.4666657346666665,22.367466666666672
31.21066173866668,55.2232
10.399997436,33.5536
189.2146367906667,294.9981333333334
209.7332771893333,246.0656
4976.398933902001,1577.0568
25.99999304,159.38320000000002
31.21066312533333,45.960800000000006
12.133332045333333,24.813866666666662
31.199987868,277.8712
103.99998464,134.2176
1055.99988076,2125.112
155.99994228,156.58720000000002
159.46663569333333,268.4352
77.99997927,86.68026666666667
4894.1991009173325,2952.7872
8848.663232703335,290.8048
31.199995236,276.8224
220.42526101333337,503.316
7860.664589636665,4585.770133333333
485.99993592,0.0
210.671976096,324.3592
100.53330676933332,548.0533333333335
1982.9325569386667,704.6424000000001
175.5599736,587.2016
195.8666130293333,251.6568
113.399985048,237.67573333333328
207.9999692,301.9896
222.375974768,167.772
129.999961,67.1088
21413.597726864,3551.174933333333
36.399994904,50.3288
25.199981212,53.3008
21.599983896000005,64.13573333333332
36.399985748,212.5104
228.227954448,212.5112
693.3332274666667,341.1354666666668
29.25999538,0.0
6290.89825635,1375.7304
156.05329072000004,1263.8824
39.86665823333333,111.84666666666668
218.399971944,436.2072
27.733325909333328,181.75093333333328
719.3331407733333,939.5216
20936.92781725667,4026.5288
25.99998982,92.2728
8482.931277853333,12437.5064
57.199984886,343.9312
77.99997867,0.0
159.46660465866668,33.5544
35.11198848,108.3512
180.26661882666667,201.3264
77.99997927,10.484
177.51064652533333,413.8376
60.47065757333333,148.19813333333337
7.802665552000001,67.1064
1201.199680296,2147.4816
81.46664532866666,0.0
23.407994672,100.31093333333332
3556.799038296,1476.3936
17.555996304,183.1493333333333
22.533327578666672,159.3816
29.25999538,24.464266666666667
161.199956848,223.696
77.99998803,33.5536
27.309330692,36.6984
9389.712010514288,2744.2714285714287
1.7333329666666666,159.38213333333334
69.33331469333334,111.84746666666666
29.259993400000003,216.704
71.06664794333331,0.0
5743.7960537966665,0.0
155.99995728,201.3264
29.466655288,123.03226666666664
425.2452661893333,802.5077333333332
11.703996832,65.53493333333333
183.7332841493333,0.0
150.79996137199996,33.5544
538.3838507759999,2427.1016
57.199984776,0.0
280.79979720000006,268.4352
82.79998908266667,237.67466666666664
227.06663199533327,827.6751999999999
29.25999318,0.0
31.210663648,37.222666666666655
25.99999293,27.2608
156.05330288000005,67.1088
24.266660152,61.3392
21.599987792,75.84533333333331
58.51998416000001,226.4904
21.599991176,70.07786666666668
20756.661182116663,4317.3352
118.99064299866664,100.6632
77.99997945,218.10293333333328
107.466637444,106.25493333333333
27.733325973333336,61.689333333333344
3246.399517098,704.6424000000001
1339.8664620793336,1073.7408
150.79996044400002,67.1088
45.06665413466667,385.8744
117.0399692,152.39173333333338
159.4666230586667,167.772
341.46661636600004,0.0
77.99997888,788.5266666666665
1513.199600166,3019.896
29.2599923,178.95546666666667
227.06663487733329,0.0
133.46661933733333,44.7392
435.0664974926668,945.114133333333
894.3996828319998,796.9154666666667
11.703998152000002,116.0408
22282.459400988668,1207.9584
25.358659802666672,177.5565333333333
86.66664403333333,62.9136
226.2772881706667,290.8048
145.599961528,0.0
169.70797448000005,173.3624
135.199964588,134.2176
135.19996380799998,89.4784
31.21065956266668,70.95146666666666
10861.062347304,3031.081066666667
297.599960196,422.224
77.99998803,128.62453333333335
25.99999309,102.05973333333334
83.19998793600001,0.0
596.2666033706666,1711.2744
181.411958708,201.3264
93.599974548,117.4384
360.533236544,715.8266666666665
154.2666271506667,78.29360000000001
25.19998970533333,63.088
19.79998880933333,36.69733333333333
173.33330833333332,100.6632
20.799994416000004,32.8536
58.51999032,97.86533333333333
23.99999679,61.51386666666669
5.199998616,61.5152
3.4666657453333327,0.0
12366.39860362733,7963.583466666668
51.99998,318.7658666666666
93.631983808,383.0773333333332
25.99998982,72.69893333333331
7.802665199999999,0.0
25.99999308,67.1064
20508.792080448,3844.776533333333
157.73327199933334,290.8048
48.76665859999999,301.98666666666674
85.82932042666667,10334.7632
100.53330580266667,156.58720000000002
155.99995782,67.1088
157.73329068466666,44.7392
29.259993840000003,44.73786666666667
38.13332783333333,192.93653333333333
181.99992874,374.6901333333333
187.19995716000005,44.7392
2947.456890106667,833.2653333333335
52.66799168399999,841.6544
114.39996568000002,44.7392
29.466662314666664,111.84666666666668
143.86664580600004,145.4024
181.411963792,100.6632
